274790 13
233844 -2
153242
161667
254880 -55
371158
371930 3
420070
260292 22
237308
118958 77
147268 26
374065 -49
417361
421423
78941 76
257570 -37
294343
353878
353429
486591
405160 1
398320
29534 20
353115 -2
266750 88
359452 65
439479
25914
230318 -4
364408 -13
494702
235390
345864 -8
115108
192438
312013
455744
209508 43
19005
168152
319446
59554 -13
447133
437241 -24
68315
131951
76239 -54
128788
260366 90
466827 -11
311636
273664
348527 -57
16611 5
75111
212191
333834 12
413245
86703
30639
44469
392136
398900
302484 -1
390226
143657 -41
417932 6
49340
29916
396606
75337 -22
249007 -21
79110
444934 -32
136698
486096 -14
203434
94745 -33
349844
132040 -11
135286
94318 -70
421651 -3
64431 91
162316
360262 -69
180000 14
171514 24
36841
498869 41
496366
389732
335645
392943
212318 -25
221256 60
89534 81
222791
154232 9
431872 -13
431953
129523
84077 41
234554
45393 -13
60618
366121
308929
429082 32
28321 -48
290273
126946
67705
204556 43
489394
243951
441429
395992
102699
384688
309114 44
499587 -16
251154 -23
48425 55
306769
300573
324932 -64
55508
321325 -64
326482
412977
410260
374620
105636 2
487752 -25
270085 -1
6692
220737 14
355676
368488 -71
131590 52
466023
118873 14
340569 -91
202444 -79
319032 2
43463
79012
312123
286644
471938
24658
50051
180323 -10
201377
38992 13
151421
156426 20
322180 48
185302 33
442680
110099 -25
234727
72692 30
459547 47
453307
459119
220450
421158 -20
426347 92
117418 37
253788 42
156421 34
257979
376915
429448 12
14960 9
210905 -2
395288 19
353144
414912
139136
439940
10225
215685
93890
46905
386450 -90
36413 -55
257286 -25
139416 6
205543
32676 -3
345874
77664 -3
308514 -61
499299
99058 -87
5032 35
475161
320299
439645
497318 -23
281115 64
269214
391913
211526 -12
168021 63
458862
376432
449870 34
431917
351740
456847 61
141602 -72
42279
499990
392894 -60
462872 -48
428948 -49
258055
339907 23
88096
474669
191726 48
155009
105165
332940
147590
489484
442941 10
277064 -16
84534
415744 6
331435
296734
430893 -71
237745
394681 53
191204 -18
217502 40
335893
110132
149183
365108
306776 27
172865 -11
344029 -15
123370 84
94550
291139
4677 20
190313 82
17165 46
229248
149337 -4
425499
408061 -30
156696 64
462109
314272 23
128891 -30
398334
114734
43997 -78
140103
225032
198344
174640 1
180062 -15
410299 -21
265962 -1
435944
199521
248454 -8
84556 91
481412
204094 48
292266
231814 -24
177734 57
59850 -37
233298 -22
77617 -13
181887
358119
196667 3
189667
78534 -8
106426
359403 -1
56277 -2
496280
426216
197913
334795 29
20926
339102 32
59113 73
49227
54290
360995 38
465590 10
38029
209560
413799 -44
251625 16
247184
159258
301623 -29
128705
179173
396486
274853 -19
467470
321655 13
13454 -20
355230 -16
221567 12
446542 85
414582 -79
298203
453048
120267
377857 65
243942 6
461308 45
30313 -6
408148
14635 -86
479320
415825 -57
272265
162156 47
332679
196399 54
17681 0
253403 -70
300407 7
152427 -56
198413
425754 58
64904 20
239710
210744
485544 20
453934 -40
446269 0
294713
347792
84811 4
471303 -73
421152 27
295692 -6
421998
494045
363628
113707 -74
331247
432403
79456
105530
279302 -58
16037
464876 -9
486953
20702
110635 10
237777 -41
411328 41
473257
51549
2217 46
189459 41
429662 1
392292 27
383318 -43
4297 26
404841 22
147291
315395
383137
353883 -3
156282 -1
360503 -16
135824
242046
375665 -8
375510
343597
181274
473344 23
347972
272357 24
408586
258418 -40
14018 -38
432260
173485
375078 -3
276495
201517 -5
74602 29
382853 -46
401417 -16
286180 -3
131843
394495
103824 -56
357218 -13
335108
195888
466851
151786
229973
271581 -91
293044
212497
298759
241108
120279 -29
416642
112107 -38
71049
477476 25
150378 24
63538 35
95527
141176 -5
434565
364743
238342 -58
92391 -25
51607 -20
65554
14415
321976 4
443499 -41
440793 38
349512 -53
336056 1
484069 40
480757 -9
213185
283942 -10
128525 -10
225323
492788
178927
227469
249019
397798 -20
59034
381563 4
23492 62
229794
355360
92276 -45
144374
430625 -56
453951 34
306585 25
360010 1
361516 7
459778 33
198161
329846 -32
104505 -43
266476
486621
27310
427641
488325
142055
208659 58
185180 -24
482846
248538 -14
456073 -39
429262
218173 -18
25611
208186
345985 35
177961 49
195876
138122
422598
337979 29
478024 -14
397994
375645 -60
356190
33797
336218
452950 -15
290303
176988
167653
46962
470027 32
291273 -5
284203
472252
491524 -24
117762
37995
132591 -16
263856
131771 52
431025
312025
209859
67459
36393 58
187962 -19
229136
397337 17
36927
12654
454121 43
316079 9
191099 -21
405946 27
405848 -16
132318 -33
244752 -90
82226
19333
165769
1392
282365 64
145873 -7
50881
321998
339989 -40
458406
23273 -28
300760
2237
273788 -45
68816
421866
161335 42
309034 5
399388 -10
7129
342964
78393 11
367143
382685
58856 -2
122161 65
346293
30057
193566
321802
212082 0
119773
46732 67
240442 2
490921 -33
441613
251628
350987
12512
310992 -22
396292 -81
87971
289025
184292 41
204581
325438 -5
299436
101636 3
275330
283035 55
181721 10
344010
44351
155190
361090
160430
497551 -19
487189 -57
135824 -55
97553
237247
278293 32
89631 -84
455208 33
145118 -37
320128
102905
32456
177635
441538 -30
427206
95130 -3
404141
249770
329105
5670 15
65649
220637 93
433139
246346 -8
359901
345551
453958 -52
295431
186724 10
129587 -3
450501
101599 -38
293754
275917 -40
229318 63
52794 -40
316051 36
175317 -26
13932 35
339369 24
265249
428710 64
182207
223968
125652 26
287735
35347
312278 -6
360497 -8
486880 -50
452766 -36
315498 15
315900 32
268234 82
408555 10
158356
150008 49
444048
317462 83
126216
104803 27
284782 -11
314618
415964
257484
131529 24
82887 -30
329289
213672
23549
487267
401217 -9
69623
493738 25
120299 -1
482622
135641 -4
133918 35
291023 12
173457
473912 -13
161240 41
275297 -22
55680 35
268578
111210
185928 0
374505
103006
428643
477737 19
481427
12134
133147
23517 -41
177957
334566 17
348110 -30
83704
237242
99180
351503
105928
400181
389496
299241 -32
322743
461695
427700 10
100080
69079
352480 -24
320025 1
174920 34
357147
191406 -60
25022 -3
138881
36888
27498 -64
403806 -92
288449 -6
358690
430035
250480
296821 -72
194929 -33
461864
20290 -21
402300
17214 38
308871 -66
277444 14
123716
712
449293
56233 -29
250507 52
330191 8
316226 64
248218 11
348174 -39
159819 46
419036 -43
119700 -19
486240
102584 -31
91210 10
8737 46
259086
119852
215822 4
374912
49442 9
436532
51893 -18
268538 33
247025
82799
47656
344905
486445
468762
334105
494048
99273 68
405182
68800
55589
198327
37403
14756
185190 7
497249 -19
484464 6
263176
405867
24364 23
45841
461860 -15
445570
167979 29
35128
326602 35
358419 34
191266
174334 30
297856 2
428745 -45
244438
385623
367709
491700
159753
430674 -70
67854
488521 73
218836 -8
75186 33
52373
433879
415898 -51
165046 -90
368972 0
137288 -12
94429
393492
42409 -3
464480
39244
100766 4
222952
475599
397844 -33
242218 19
110545
245989 53
198640
243864
182688 -16
199984 65
430143 41
339428 20
371935 31
38614 10
58568 70
475252 -5
474482
462430 9
62620 -66
215028 51
36418
148264 15
118559 43
251510
122240
162607
469628 -55
19799
277845 26
355598 -79
469109 70
342171
51732
237278
318836
199728 9
402136
459708
287202
424576 4
362054 40
473640
414368
408371 -15
336647 -12
40929 28
40847 -10
452505 -21
364363
363133 46
328153 -49
459305 36
399278
59594
174050 -67
253507 -43
178082
230320
108428 64
349987
472942 65
487621
381886 71
448894 -44
245312
269741 50
26366
258631 46
474090
101093
55594 31
355157 60
432581 28
235256 18
499060 66
366987
260998 -88
98043
385638
7286 17
72475
380107
54872
322371
151488 -35
101893 -3
283602
154447
97732 48
64354
101271 -47
391310
395741 -97
113426
338127
280947 12
283860 -11
489391
53600 34
318312 -59
449334
400523
367883 -19
441113
404646 17
439034
68206
148895
37616 19
129719 -66
468899 3
150710
25376
171023 27
189847
217221 -3
442807
40096
346773
197140 -66
62419 -36
259187 -14
182503
298944
479079
163338
187253
186951 -6
490339 25
458874
397452 -17
114231 38
34432 70
113302 -14
132860 56
347062
118786 -1
124009 -19
55494 62
238449 20
125764 -20
446914 24
347631
475025
445063 -20
87132
315429
297502
92800
84132
54194
131858 7
272121 -37
404616
364913
132079
398689
77090
324727 -38
160354 -52
165767 40
67053
407471
119595 24
183146 43
399582
374335
252563
425773
137042 -68
325930 47
234252 26
435652 28
120276 50
492099
107636
409274
194712 -4
186208 20
102193 -11
333223
108452 22
222909 36
478166 -35
45183 49
71430 53
261956
468842 -4
131154 33
77168
129057 31
462905
468172 28
352459
198938
379648
419877 10
127956
116864 -24
78216
326453 64
59272
37094 12
178801
180691
426407 -14
336180 -12
151902
16877
347235 -1
486514
203066 -18
253657 -11
489326
363879
479802 -80
388987 34
481881
396124
498655 -14
63238
312695 61
314467 50
150159 8
275367 34
240995 64
59268
409536 -8
302098
403632 38
106771
301240
432712 73
260376 -49
434674
194060
235983 -37
46480 13
226379
112281 37
147178
358176
218075
55236 37
336666 -77
129468
354343
327950 -16
82243 -37
451979
91749
220380 65
229028
46132
8081
471054 -6
250168
145311
370946
411388 10
376461 1
59215 -16
185734
161277
235255
216392 -72
385664 -15
78661 -12
146278 13
366804
458516
7562 8
84535 -52
43836 -29
428135
138641
490793 -11
216342 10
401959
151594
270267 58
319258 55
86081 -18
366818 -27
211459 68
294733 14
306806 -24
392335
53453 -20
359368 -63
17648
52210 8
217994
299094 -37
416079 3
222095
128475
420021 3
311390 19
145877
496371
19318
151572 -64
65361
115250
1083
101909 0
81585 2
16945 2
24987 22
430928
451025
368298
141414 73
324096 -15
124727
283938 15
55050 15
334463
81361 -14
218594 56
207098 -21
131437
371180 17
429639 55
437566
323223 41
380375
248555 -21
356816
114193 -15
111396 -75
124203 34
319943 1
357040 -5
287897
477227
294531
495524 -27
221384
244973
344370 2
188014 14
264096 -14
2597 7
245573 1
52850
39937
63441 18
174344
49337
463979 -34
320662 -30
253631 47
181234
400904
87336 -39
135081 74
247504
353708 35
371706 55
421484 5
290105 -56
33729
369313
216442
275298 22
169916 -28
214432
8964 73
289980
392018
230310
115882 -26
204945 -64
208170
193265
308301 -54
64339
206266 51
28334
202087
308712
275261
70598 -35
488926 -32
370332
335896 -45
161031 11
372023
463800 32
13386 -54
158351 -84
421158 -57
427617 -26
187709
176840 -16
59387 -75
14076
193217
61400
199754 -59
64641
126416 -38
112693 -62
106965
437244 -76
243202 -16
58172 -80
25536 20
260577 -26
303456 42
309196
97823
73342
127126
58268
360303
101719 11
217794
85373 14
139538 -65
407266
104579
168189
211088 23
156443 -88
335728 -2
51114 -20
347505 2
183205
390411
95904
337445
462642
40597
347599
495673 25
452991 -14
19354
280678
288648 53
47640
461218
145915 3
469521
219047 50
75576
184399 -84
341869 25
480553 -80
293763
314456 54
206001 77
201712
18806 -58
286436 17
324954
123804 -19
62464
357017 2
391215 75
118659 -32
155407
150061
345504 -31
273936 69
401156
332707 -13
428153
327289
181653 -9
473939 18
169917 -42
316257 23
487236
93914 22
435489 12
491353
445004
195246
140298
476047 7
455490 21
34766 -66
377949
241835 72
423801 35
426248
452298 -34
364386 -72
245127 -38
471981
311646
249883 7
122780 -32
98858
356659 -14
293147 11
170733 -11
199687 -14
335635
89566 24
133910
163120
123547
55999 42
473716 -47
457864 42
323372 53
338836 10
297945 35
168957
47686 65
26875
336779 -4
274459
112710
166119
272593
468166
158689 18
251859
213138 -65
220522
164660
385666
170186
238887
267005 -74
71055 69
407734 41
308310 62
328653 28
363106 10
399212
441626 -39
116911 18
42001 38
214645
264736 16
7739 13
45563 -23
379133 -1
441965
312920
334530
133290
1198
291045 27
373663
426257
254013
240524 -20
363499
81031 1
346154 60
191335
490789
69160
325582
411333
445900
491494 -12
232298
460671 -45
375702
444617 -45
345357
399680
358731
466355 65
305990 -11
75545
243244 21
354750
343967
22360 -58
188305 -5
313709
105090
293138 -15
27091
155322 22
76244 -37
403825
82426
5583
397246
140650
259774 -60
472015 -1
387073 -42
317118 1
87659
448166 69
492047 -49
460591 -27
314379 62
295547
415938
129028
24589
497211 69
276032
281974 13
322797 -19
13582
73239 -50
211726
111125
345859
100541 -66
365841 -63
25722 -31
284712 16
361179
118297
369105
445987 -48
270990 -6
229523
117469 59
235184
350365
428810
151928 -78
198936 70
92394 13
433732 48
126416
134633 29
219461
232167
32085
310809
33369 -39
444572 -10
476149 -10
46283 40
492338
468665 11
39934 -16
420404
137587 -17
355315
399962
310241
30470 -42
367713 95
154247 -18
434338
298456
437306 -72
468066 -4
404457 -35
273932 -26
456501 10
419133
277918 -30
385051
238320 -64
89193 34
183379 -18
499903
404741
109619 -26
66896 29
251575
449297 8
99471
289473
360095
422922
216532
422454
35699
161136 52
66840 36
116031
448565
71388
291679 -32
331509
194692
198260
5553
219910
346162
328506 -17
42608 -70
61574 -39
305964
137687 50
62956 12
92751 31
403453 39
105756 78
213434
48889
322945
357810
187375 -5
447889 58
323194 -9
401908
34900
358842 -60
154972 -35
133871 65
138123
424113
157396
306250 55
54988
262128 -65
369586 -75
485624
309894
203547 -2
369715 -7
66318
496564
438743 1
102638
142555 31
33019 11
332775
196301
259938 6
264504 22
427259
497084
219537 -5
335461 -24
471703 10
317941 -28
390738
75062 74
405035
257733 -53
414225
14550 55
237731
68300 -1
273004
250076
404023
99053 21
350833 19
167825 -14
475368
249263
411111 6
487793 76
456532
195871 -21
53976
65960 81
140736 40
392657
307316
272790
55866 -38
199295
336178
40048 3
219822
7271 25
22913
498700
320647 6
87400 50
460056 27
87808 75
99681 -15
135028 -13
56415 8
275717
464650
294197 -8
49203 62
35212
338466 58
463100
322176
111643
412595
430705 11
447716
17843
8833
199378
102700
36077 -1
444313 -1
379111 11
495387
113654
349697
216467 15
30723 14
238505
256507 -32
108228 -9
26462 46
462136
215340 19
268435
95987 22
191962
81952 51
114242
78257
29176 12
426934 69
209908 -16
356412
278785 -76
8887 48
464112
408620 57
425411 -33
349832
331289 -15
358283
201583 1
253403 84
234433 33
303450
232270
477107
476899
325602
347585 26
342025
15911 -15
29721
425981
281407 24
286608
35512 32
289428
12107
45332
362526
442547 33
470003 23
8644 3
145296
141633
85912
49857
217222 57
480998
313350
139614
311418 -6
457640
448437 15
382651
8638 14
377219
366695
300038 -26
460689 51
2785
388430 1
55972
131893
26573
72693 28
351218
158543
340279
485870
298792 27
475810
236446 5
473668
304861
452666 51
416201 -72
450553 -23
175178 -6
80250
391527 54
19758
456251
489571
77688 -86
58995 29
244546
390238 -10
50383
357590 50
133819 -10
339151 29
178553 5
296554 49
368343 -36
305403 23
389905
332712 -36
240615
380239
67393 53
202528 -62
391362 -2
284639 16
369232
180588 32
411448
25189 15
459791 -13
486539 -5
35516
27061
187199
293606 -27
373304 -1
346082
284677 -51
157279
245713
77801
362276 24
173892
99251
325282
103892
291540 40
225962 -22
221723
498817
333968 -81
20884
100054 -45
363657 -53
469068
59937
318333
79887 29
340322 12
42082 49
305147
233133
378206 -72
370730 63
382368 46
113350 -35
262083
57936 -6
318156 8
92788
221261
301163
201470 51
135342
443211
367606
480309 -66
475089
416792
338607
172919
151345 -38
476000 -15
58398 49
154640
283435 -35
399140 1
80206
113067 8
233719 -31
27915
314768
227158
121786
206870 81
141583 12
185344 -47
478728
11666 -10
35513
310528
403840
218034 95
50042 -34
338798
295345
244697
417017
421024 49
29134 38
470674
278386 4
53071
446512
264054
455874 48
219065
293425
297820
308281
410583 69
38765 -4
220578 -30
42393 -46
251320 -32
323247 -8
14252 4
359508 -56
81171 18
183206
409061 8
70216
463677 7
25613
763
368251
485836 -1
49926 62
149310 -17
353104
294147
337014 -21
434956 4
332459 0
430466 25
397494 22
213719 14
123820 43
496082
319396 -2
164940
190744 -32
211086 -41
44264 19
16366 -51
358724
451790 -30
162401
404789
51210
17777 35
440717
48748
414579 55
65983 11
443379 -42
30399 25
177265
384012
268435 0
127565 31
425305 -1
288037
453535
123328
239482
182060 -10
301080
228116
169071
133972 5
487346
474725 -38
442336 -4
271439
41862 30
142087
459134
176963
66034
181266
144811 -4
153043
32583 77
390333
48079
42565
304428 66
144300 -30
471550
97418 -20
305666
83945 26
301169
226310
113606
217266
327310 -66
432130
419826 30
408811
303007
325542 -29
77576 -9
482911 -80
239734
44595
75934
190512
157607 38
117116 -15
171919 -38
279083 -14
172755
159673 25
481255 -46
294385
268822
438409
487484
175043 43
363300 17
205885
337144 49
467388
192914
442297 -40
13029
218014
54408
335619 11
200915
179527
87461 16
86939
88813
167551 -1
13749
126711
470063
122871
468940 11
338696 54
283896 33
399024 62
212933 -57
303813 -21
147718
22161 -29
165343
492308 69
75769
247494 -8
458660 -61
273696 33
27807 6
415486 -14
478547 -45
474642 12
107021 -47
455617 26
396275 -87
140375
73436 46
173099 -55
35395
416015
305581
49620
428132 -23
326896
86972 20
202044
336721 5
351870
224195 1
286441 62
104373 -81
459394 -26
442224 25
492606 -1
149673 -18
406464
5382
118297 -45
184022 -39
290245
174084 13
44927
470794 -48
402558 32
175752 -24
42369 -58
279686
29255
360922 84
270802 84
69253
123436
25863 35
218735
394962 23
173410 -7
132452 84
13446 22
211176 14
329007 32
356547
153234 28
466470
196486 35
26174
401304
485112
313888
175548
130911 10
273897 54
35800
59749
307198 -9
219589
446091 -15
389376
22588
148427 -21
227238
471011 -24
278450 4
174584
447369
477788 -67
287708
178239 -4
123245 24
116765 13
259032 46
5807 65
339810 14
460213
424069 -25
250150 53
134425
450867
348810 -28
333817
170211
413275
146452 23
5438 7
201454 1
267294 -30
196828 16
16316 28
391504 50
409193 34
300007 21
69132
24312 37
307917
75527 -23
47819 -25
139125 -89
391032
251433 -75
445662
194945
415412
323178 54
266351 37
189800
209825
136625 -42
146191
109032 -42
425714 -80
120471 4
70672 -18
15627 -4
143488 -21
287861 -42
23961
232865
294416
343456 -4
194769
29552
444281
393684
22789
327558 -12
214573 13
372080 19
449699
164810 10
40325 25
83922
161825 -47
242546 9
277026 -40
306082
21252
35474 -7
69297
404169
223803
127107
387659
416019 8
167724 22
396308 -23
380792 35
18038 -24
254417
14023
153764
399193
18014
16546
465916 -41
225000 58
456313
97573
77837 -22
180146
471714 42
77720 61
396560
246727
326 82
450664 24
38813
9606
176216
35339
458770
371461
252160
228777
89248 -80
365964 -10
445684 -50
368296
232367 38
212135 -67
415477
75853 -2
334164
382463 -20
438196 -56
464080 -26
79566
327726
318288
155082 -6
331028
414477 75
108165
411532
410748
403505
91631
103220
37725 6
326307 -15
145196 61
477326 60
282105
397473
328379
338577
405329
244604
432494 37
428876 65
229041 35
272232
119526
318663
259691 -3
315888
259743
408655 20
433690 57
421248
40065 -44
197138
472395
304425 9
251196
454046 -31
380653 26
55443 61
65702 -9
129523 -57
90354 -43
115955 -19
44328
72652
247600 8
280734
24344
345580 52
227689
331479
25079 -1
203073 68
256011 -31
80452
86846 5
399795 25
179774
70703
432427 -36
379469
137574
390317 27
475415
54990
314360
331114
19959
415633 -8
127195 -83
404956
418818
440119
145066
118075 -36
404831
102189 25
271506 3
279453
392693 37
122905 -27
317343
95783 2
363357 -16
74594
419680
312503
42544
113103
330275 -45
348982 22
215452 33
311130
241562 18
325547 -73
98894
97968
370212 18
426576 -30
125634
277193
461865
282814
253286 -38
469070
326515
493533
317502
93869
153659
12071 -67
269938 20
332906 0
115338
54918 -78
181460 34
13093 90
306617
441506 8
328416 9
450482 -54
57246
157398 -61
487761
425357 18
451645
183495
277672
26262
351769 26
441713 6
56482
305495
395763
35104 16
484909
68188 -58
120980 -26
365969
61347
219054
478192
22096 -12
455434 36
93404
150883
200092 -4
493210 38
82367 4
476520
132855
32882 -30
251207 38
305390 46
31785 7
280415 -62
54194
62478
194358 -55
468367 6
363286
315949 22
331375 -95
462361
209582
222209
218090
349383
201106 81
68895
407466 2
391886 9
368533 18
14864
438176 49
100265
109650 34
136665
490196
103701
265632 73
472591 49
228668
111752
467600
318422 -35
34022 -6
418738 69
461031 -7
321101
77241 30
214932
294239 75
106930 -25
492034 42
115061
256259 11
84591 71
13884 35
199386 9
445465 2
139133 -76
233411
190467
350900
149564 -80
344100
29883 10
291963
188604 14
383782
204188 -65
103805
360291 -34
455968
41806 -50
371973 26
130026 -58
214611 -8
356904
304135
268883 -14
329352
405554
357878
280993 87
444543
376962
134664
206360
159943
395233
217905 -48
440045
302152 10
159067 -45
182172
424467
164089 -16
425358 -68
234951 -34
412388
382064
375938
421500
320261
134932 -80
96193
495235
485487 41
36134 -4
25908
424907 67
113288
262772
55509 -33
84956
422012
398785
104939 -67
237176 -50
45932
30387
221510
238682
19636
146928
220870 -84
260667
327985
326448 -86
332297 40
380321
262500 -23
19510
397422 23
340800
28214 -35
172640 -89
12335
206619 20
283216 3
47159 -59
386033
394508 16
174538
490135
308098
221215 7
166834
13138 -20
359113 -14
279340
453837
8706 31
420932 25
138656
176413
345165 -34
205274
153179
125577
221278 -66
282673 11
372500
27568 71
120375 -23
138447
335410
477408
463456
378749 -37
145101
126477
254745
205258 -23
310025
291981
411319 30
203668
304827 -57
327855
101777 -36
99232 64
236170 18
469275 -7
431243
59284
439275
405213 34
403771 79
246958 -32
378594 81
187127 20
497859 -21
201128 2
221798
229163 -6
175637
386426
217475 -28
180163
66050 14
400977 30
463993
164124 64
327462 10
126159
37641
230256
109631
314905 33
162647 38
412784 -13
227955
194722
68977
443819 20
464736
346352
257479
198000 51
12147 31
410040 -53
178888 1
477870
200330
433060 13
25824
312964 -12
302872 -39
465978 40
200628
131315
126608
462911 39
77484
486832 1
267864 -50
399398
440376 26
62911
272126 -3
422650
288251 -22
176079
244355 4
426199 -20
484754
160760
11712
37073
280877
123431
384290
377315 -73
440
82860 16
492889 13
111569
213842 -17
142290 -22
164795
336952 -6
114260 2
220946 24
32957 64
53391
75928 18
19035
255925 61
214718 55
293958 6
335877 -39
424160 -19
362354
296129 6
73281
393190 44
424590
44713 20
257756
118797 55
219865 23
286324 -4
460335
143807
360327
254254
139089 -56
935 31
226840 -11
71370
35351
477238
202416 -68
182533 15
297159
125287 -20
199089 -38
83551 -10
283411 28
431929 5
355192
237320 57
204402
182077
114974 -5
8701 -38
122793
423969
249268 -9
109509 42
447498 61
104762 27
444884 70
378266 -91
4231
391349 -64
141373
63457 29
201505 43
454632 79
360781
135832
77908 -31
162513
197863 -42
381309 -60
435339
123615
42484
101363 -54
344706 33
62947
281187
170528
278068
341536 -4
220057 59
246102
228292 32
269524 -83
363617 84
123924
55657
411130 -1
115766 76
423736
182817 -5
213992
482527
122340
462604
367565 57
452135 15
125803
158415
237306 -30
455170
458611
2731 -40
357694 95
243049 -67
287961
430512 -33
228600
72709
111347
2827
301139 -5
231713
83393 10
388161
217884 1
303593 47
22146 -64
149114
388962
104528
373500 48
289759
158653
94941 -23
349347
219577
155392 64
220533
435464
246396 -25
363875 -23
307290
6324 3
146008
332723 14
174453 -6
282857
404720 -32
187135
217129 -27
158974 -67
380037 -58
8887
76130 -30
324484 23
400152
173174
211574
333772
205936
160872 55
101770 -16
173617
42931
247428 -1
408256
249693 0
51708 -63
397662
208558 -46
402024
430566 11
258311 -19
257438 13
272421
199358 58
341086
95425 -34
377238 96
258968 12
327995
259805
235808 1
9194
430413
255498
326031
182566 12
302584
443418 -34
474234
180304
206524
475871
226703
327538 66
159287
293442 -31
258399
388046 -53
200896 -52
345421 -7
178607
397322
294933
257396
168397 13
272095 43
330153
404360 -24
9244
471754
207419 -24
333275 -41
312476 -32
302880
229360
399441
38531 22
306606
154952
89782
161658 -22
239479
279731
375886
287299
16211 75
280744
125216
301726
201888
283233 33
77646
433993
303587
22545 61
57105
439725 -27
369299
62630
303660
56360 -6
115711
16856
152331
127105 -37
328808 -80
11366 68
157744
164333 8
359917 17
299264 62
42312 -36
483488
17453 -45
316544
41920
59120
172029 44
117844 -8
262621
285475 4
176000 -27
206466
268924 70
28462
275278
62473 -12
109867
2974
321972
455764
493213
318248 33
252765
210744
47912 1
55874
39976 -5
4186 -8
406031
105898
109772 -62
175059 -3
309138 67
409977 15
363711 35
305159
78074 -20
180295
178976 59
197841 48
184727 74
284348
295666
430277 79
331728
318594
383132
414846 -57
255922
458735
17801 -12
106617
355646 -17
56913 65
93418 -42
295712 -27
49545
359696 89
215992 60
247064
361642
498184
405307 5
343318
441287
340073
185169 -17
312552 68
78433 2
262327 11
163897 -45
172544
299843 54
193173 -7
403390 -32
139519
331672
387265
123149
353910 -70
29483 69
284960 38
496607 -10
258197 -42
202537 -21
226493
415972 77
84416 -19
265373
482755 48
236224 -35
280156 36
423032 -30
77377 -59
366994
199663
395100
338303
17898 -11
207533 5
168067
220947 37
418382
238234 -14
326883 -17
176720
379434 29
276112 -67
67484 14
289620 85
335944
241034 -78
395217
363442 -51
347908 13
151568 -24
318549 33
236987 -78
498144
72670 7
266170
262808
423681
137851
177041 16
422280
180148
499829 40
221043
197866
258930 -70
455407
191843 33
7955 -5
6519
468060
205225 31
257584 -7
319896 -27
428033 -32
221898 -22
33853
50545
101092 33
401450 11
456050
377805 41
92137
496783 19
292641 -1
403487 -31
489062 -4
75708 -33
52103 11
242002
62020
385917
73293 -67
420674 13
318279
246548
141036
394289
131489
162588 21
400408
395105
427908 -17
336468
83008 -10
359907 -7
396227 32
422215
293020
349120
459788 12
18216
305040 -68
13683 -1
195358
157203 12
113145
61150
437829
99240
134839 -7
34254 0
298543
137333
228269
156987 27
301830 -29
493202 -66
142147
457064
182941 -18
15681
449865 -30
77822
309369 -37
427805
389329
482633 -33
296629 -16
22244 -29
258074
381743
32220
215108
128136
205516 41
316347
21273
49867
317389 -86
82468 6
205798
348742
481676 -1
37348
119444
253040
18468 -53
468710
492811
158332 -14
43533 -38
195981 16
480142 45
475991
377338
285211 18
490137
81402 -19
139400 5
153766
79232
267710 -41
268519 38
143750
81706
253992
402053
93742
400687
37752
363167
147244 80
251460
296571
312973 -2
378740 45
116407
250969
339185 -76
417641
235321 -82
61363 3
215840 -35
214921 61
45793 -7
76596 3
273422
109964
339464
233383
370819 5
126456
86999
492979
73660 -8
178130 -24
16475 -37
269305
181564 -29
385147
22763 66
196823 4
255372
88258
89556 -4
148540
322633 15
230558
210760 46
85798 73
105319 8
210047 -12
53741 85
260708
408149 -49
470119 -57
317677
499010
92844
23420
498514
403924 -24
110098 83
489285 -49
420753
405192 -30
30958
154003
429122 -17
251848 73
238168
409341 -50
191707 51
366517 45
147806
305268
109820 89
129360
31050
279514
483831
94482 -19
293939 2
72647
51612
340552
352169 28
225401 -4
223319 -25
70626
364157 -26
137732 -29
170371 48
405641
157597 18
241295 -2
60582
141531 -7
123387 -36
18597
433008
163015
49721 15
401155
423568 30
380458
40876
116563 81
244117 -75
381958 -27
63401 -41
357517 -18
451715
111079 -61
8662
445339 8
87754
51319 96
101601 51
297835 -60
268577 -94
129524
59213
453276
231843 -35
167161
190220 -7
359499 7
119715 43
431736
498436 19
139532 -13
58730 35
74998
276746 1
97540
70976
452987 32
54278
225727
292693
124093
161172
157946
41997 -6
334204 62
307940 -9
446537
415307 10
110912 65
153925 40
11578
437230
115429 -25
449709 0
58426
76809 -60
199441 23
370683 35
468293 72
24864 -60
42283
192550 -38
490806 2
233332
365046
292366 24
1062
299949
405272 62
341648 -50
182470 -62
4576
275489
340468
446270 -39
299645
49243 10
381966 -40
266946
272780
440035
304458
111546 35
326591
246595 24
3494 -66
8040
387194 -7
41854
183662 -58
110390 -25
17566
66798 45
39640
290329
358050 12
99106 -17
474374 -39
236587
393311 -5
90660 -87
294473 -6
401588 -50
85977
205816
276851
153640
25325 -6
490176
25898
7395
443303 -21
457304 72
455525 -65
35529 -50
373444 2
179851
309869 -7
81480
248716
109169
277495 6
245477 -10
335227 -84
82489 33
309095
177111
343309 11
491073
316439 -21
270044 77
490935 -8
479181
134132 -70
118660
331939 -17
334671 27
402406
32297
408022
68074
437256 17
452366 53
90170 15
78627
404596
477139 -83
476884 -25
123 19
444759
472422 -65
363979
480201
397632 -50
26096
220432
221904
217547
468122 -73
157980
258380 -50
127056
121083 43
21867
85157 24
478050
347653
394098 16
22948
479683 72
358770 -80
27508 65
97354
180917
446235
1270
330529 44
99095
35086 -39
186182 5
199038
3614 -90
304146
384939
237668
199850
110506
297646
431164 65
289604 73
448869 57
133739
120577
402130 39
295098
92168
430293
354890
59798
376213
494388 45
198444 22
343499 -80
404081
206100
497705 -19
66619 -85
78435 25
118846 4
434108
175570
280262
85821 -30
80972
328844
353023 -78
235838 58
414063
81352 42
441289 71
191089 50
260619
332156 8
31463 -60
184261 -47
340968
181265
464445
450006 -58
403883
125597 -12
292259 64
77272
448249
475873
10422
275849 28
68639 24
266911
390634
403438 51
26982 82
368029
87427 -8
456524
367222
528 -12
219451
239922
216190 -75
46906
236593
129824 -17
302049
106666
386255 1
74533
350948
302696
153011
164988
268803 39
164134
256365 -44
64530
497337 36
140700
99435 -22
89445 -21
179103
95817
263810 -25
425502 -43
448745 35
478580
170860
254559
392071
124079 39
397092
14252 -10
422059 44
477154
414705
339054 3
199822
183727 -86
240024
143762 -36
368915
7018
139739
493611 -58
261998
298369
368872
11823
220459
331995
275635 9
112030 33
189083
162978
134028
146379
205903 11
236010
252644 4
57392
141224 15
253196
37906
409476
174551
305352
107962
245382 53
64832 53
164834 -48
332397
223185
376569
420361
212129
17184
179893 34
299987 -18
393624
340984
267232 -15
71188 -66
427675
123633 -11
17396
377938 -20
176152 14
22496 -81
334433 5
402384 -70
360423
410933
136028 80
473354
378387
371864
98907
163710
251838
62030
410195 -68
32501 -43
21061 21
160118
374399
478720 44
286558 -64
323359
413709 11
407930 -66
217682 6
63479
10466 -18
131150
158106
27438 -31
154288
436738 0
356975 7
320318 -30
135487
257917 17
439804 -79
454420 4
294175 -31
193020
478145
166835 -33
308930
408775
390888
418734 39
468028
314460 -1
386174 -11
494758
282257 -13
227365
114463 37
31578 -55
454097
435693 -17
400516 37
10203
493272
403028
83454 49
170400
496528
260120 35
441673
347158 33
311911
0
457777
393562
1207 -52
98544
195438
181844 -1
292029 -43
424289 33
355731 7
317331 68
486157
236807
210116 -53
272142
330442 5
307149 2
309396 -62
428920 -44
281307 -4
488292
213418 4
204439 -20
52390 3
119435 -59
106043 -47
171307
253335 -8
215664
406378
229732 30
254218
159422 -35
288788
300665 28
192182 12
430607 -19
308052
86003
75355 5
110808 -6
11164
55182
132326 -29
310753 -45
386005
55915
219747 0
70313
476369
147589 34
177513 82
484219
249884 -47
135109
341540 -7
122275
31932 -52
406405 -24
201378 41
175951 -8
412600 -51
486878 -21
330617
158737 70
329912
328605
420433
104843
164011
458452 -33
38315 39
285672 -37
274678
11693
316405 -10
330807
127287
124441 -3
266003 -85
433735
19815 16
447833
276460
248134 -56
425129
230109
99734 76
259384 -77
16611
142026
491903 12
133600 -35
144393
317122
311255 12
87279
411536 -37
130261
359337
318381 -80
79012
115842 -30
410694 -66
134167 -13
418785 -32
415094 25
197823 -84
294682
76255 -1
91068
106010 75
354269 23
291584 21
151022 -44
234099 6
176856 5
349358 13
97035
464458 38
156287 52
338490
192922
136347
325804 83
29999 25
208249 3
311349 3
417210 21
193974
312099
219864
81689
29970
101016
159718
52207 -39
353931
467206
325231 -25
218586
454822 19
203500
238751 16
341010 72
185888
332406
394296
458485 15
206465 5
295121 -65
24398
182537 37
244518
166124 86
31754 -40
353188 61
136025 25
169590 18
151298
354236
152769
116822 -9
264958
134614
323667 4
28168 63
265285
446919
498339 -39
289243 -9
130459 66
344613 -3
30413
297252
224364
350251
370725 -16
113503
429899
276662
449207 10
158490 -49
410787
365686
68060 -52
345394
412070 66
362676 -35
289636
41632 -9
175713
150143 -28
37344
413647
160831 42
89914 -26
165058 -2
116523
400036 1
342214 1
204312 72
73425
29421 15
11166
160450
407090 -8
203240
87898
463225 63
208035 -81
158633 5
453557
432664
197591
430928 -27
53107
391128 -38
243491 41
390217 -21
456669
381974 -24
198347
225057
347546
100719
294263 7
61604 24
256125
435743 5
434217 -58
375342 9
17039
103949 30
277801 -79
409891 10
84512
49189
487811 74
152384
110219 30
463011
260045 -88
19416
187509
483548
322727 92
282355 13
452249
52906
362705 -49
371110
244504
46516
283708
374380
62617
106903 40
194146 37
462004 5
84140
270133 23
39170 11
131672 -54
71454
433619
186353 11
276664 92
133462 -18
233619 13
173841
376016
237226 46
130719 11
350318
411933 69
421850
428138 -15
302486 86
19432
467037 1
380638
297642 6
470614
468219 4
145387 58
171774 -39
320124
114824
167425 87
402547
1620 75
375383 -73
298926 -47
420903
336856
263609 -43
17101
373991
495647
61134
131417
498412
69970 -42
64934 -13
26769
66474 30
10077 56
121988
153817 -33
240451
181164
263108 -36
342284
239308 -32
3816 11
332831 27
178072
271718
164961
181565
233063
143693 -63
471608 62
250972 -56
376788 48
379337 -27
494996 10
317729 14
82491 -79
147544 -48
302662
262797 -28
202839
136187 28
196032
266632 -20
372618 37
92772 -30
12359
127707
5872 -33
67527
392246 1
436191
303943 -65
416598 -2
332599
429872
83623
429489
478572 -31
423124 36
479145
467324 -20
295426 2
456174
286114 -43
383258
241338
323954 57
413031 -53
210330 73
424027 -32
445300
398286
408401 0
78857
90115 -37
359220 -65
161343 -60
446753
305897
134918
280920 29
329363 51
489068
73435
395938 22
140489 -63
363605 -9
95183
446837 -54
17269 -36
379936 12
16657 36
164040
348085
312441
374651
241508 56
63044 1
348851
127822 -32
243219
116928 -3
14558 -32
1012 62
81565 7
345313
137273
490658
301225
155060
473630 23
495594
272338 15
302145
36653 -12
426198
262193 43
236204 46
284649 49
424308
319589 38
333330 -13
461339
214554
44473 38
356308 14
59364
59066
194342
46214 -43
244057 -1
258898 -6
121920
336190
80045
480273 -74
273915 -18
429200
284784 9
469918
299020
256646
213318
306080
385233
231447
7095
80923 40
62221 35
412737
43300 28
304828 0
214533 -34
306001
274365
165890
405282
233523
215088 1
310249 -37
173725 2
425408 -7
467500 -3
470831 -28
20715 45
250712 -12
347089
54480
453170
289474 -20
19531
342015
356632
130674 0
22157
225006
250746
493429 18
295552 -13
226738
138791
435718 16
139053
332996 16
38189 -24
496628 20
240048 78
418314
356876 -1
285749 -28
233222 0
312078
407144 28
183224
154667
40538 -32
112236
170520 9
35083 -49
276907
282419
183874
184230
211733 17
131035
304014
346143
265154
149969
18312
221944
206591 4
329245
141806 -6
311688 -38
385952
320276
203439 25
449859
89844 -60
222786
210723
130010 83
452332
185253 -33
87654 -4
49428
88845
456218
280847 66
194461
15017 30
213973
427843 -74
242430
71702
344844
153365 -6
180780 43
71551 -23
378477
19631 -30
198327 38
76304
180931
291983
210885
494771 39
31210
459509
90850 -28
470455 67
471382
375820 43
339603
315090
242510
193584
49507
340947
103751 -52
132673
495588
473432
345026 4
445178
241957
473007
61569
302303 34
230479
219744 -15
54588
397029 48
256414
498643 59
249669
438699
323317 -45
101542
190582
101461 27
112933 9
29517
366552 58
210102
12560 -5
373644 58
267871 -6
147815
13051 -79
83372 48
326954 -98
146496
421812 -61
127986 39
235293
197676
47088
447604 9
284956 7
49386 -86
88425
54172
34189 17
156783 -51
337287 10
56066
243202 -76
124893
464485
39405
67778 -2
389343 58
244487 -57
325974 -15
247836
30114 -30
369242
35236
421646
444528
6466 3
295412
444853 -1
261317
429505
172024
361656 46
133067 -53
241375 56
86841
81545
540 -29
90856 -6
57729 -36
40537 -61
7407 -21
178884 37
387392
255848
300121 30
477217
132051
367442 -85
64557
208371 -30
432658 -2
245286 -1
411412 -38
361466
119120 -6
68526
141633 -7
454710 78
200861 -56
23721 -30
122612 68
35289
185889
122911
288913
480211
214961 50
321044 -50
403782 -53
126664 -43
105068 1
27908
109663
351672 15
219042
248974 -11
284633
73610
348359
411774
207330 4
300905 -24
481952
469294
35083 -13
89997 -6
335137
51517 32
209990
364116 28
305795 -80
452712 -48
333131 -9
61433 9
383459
107232
470847 52
46393
458686
9879
104848
289664 53
435857 57
294576 73
204430
382633
21634 9
182832 -4
363327 -50
24076 27
404421
78481 -57
304637 -6
281694 38
146680
110750 55
499895 63
349615
165383
381998
472901 36
321645 -67
358395
116144 -4
335029 -57
334001
308599
52131
253548 10
483821 -47
185182 -53
51332
458311
60878 -25
213373 35
225268
281016 -46
81282
495476
386796 62
251783 -26
43447 -19
382648 14
152226
117743
73601 -20
9672
110891 -61
453267
159974 -78
157148
100720 11
430912 12
282820
491240
421658
375348 -55
329528
276871 17
475126
484399 -13
137294 -7
339570
67231
71258
170006 -79
481924 -20
42055 -34
159132
90403 -9
446920 -62
90900
263955 26
24961 29
153909 47
361157
9605
28292
276777
187641 -56
71699 -33
130630 70
160887
343236
88695 24
275042
310416
379746
196346
336221 -12
105095
147083 3
83286
405220 -49
343194
303078 23
146075
33046 -25
201788 49
162118 53
408827
412565
292032
271442 20
258488
434002
103681
178741 35
178344 -67
353735
451624 10
300747
411108
429846 -17
372183
134029
129642 32
330988 -76
474282
320503 -36
370008
40142
75275
178180
269975 -19
196469
350238
349191
222642 -74
60705
269549
49054 13
47275 27
178436 -62
356127
22776 13
103091 65
173184
447450
269046
364061 -11
70951
287135 4
93328
162027 5
4594
174593
187117
480314 -50
105486
99539
330717
227034 -16
377371 -12
56860 31
60032 -64
459767
446998
338663 -40
370718
94391
355208
437968
339509
89912
254123
474047
20287 -42
219516
167926 -22
133295
75749
73554 20
492099
357591 29
366999
26398 2
319709
470875
152696 27
360598
21863
347448 34
200432 -60
311572
203805
446750 -4
320017
176952
180354
299503
293736 -26
339552
484882
151820
186702
402722
235048 -36
345590 -99
196994 7
50296
104289
440284
239865
470464
145216
220342
353990
91428
385963
274676
167900 25
190056
244245 -7
497337 50
326064
248375 -73
402272 48
74725 80
461186 36
43116 -31
11984 -44
333871 33
311328
215394
495108
178647
50799
9182
35484 2
247114 7
130979
397861 -51
134114 1
447411
270992 -36
76219
89344
476687
445603
250564 -22
253253 26
303289
468489
303589
343127
432646
62849 -3
51172 -73
426708
383144 8
436731 -44
95937 -17
108183
249862
373214
132101 22
306347
309074
105634 22
256962
467172
240090 -2
91400
337652
80729 2
325808 4
11812 -40
53209
477146
87304 -21
62367
295951
217383 70
56585 -48
389224
273971
280234 -93
116498
401529
21979 11
290448 90
189778
3472 -59
309105 2
233548 -54
119129
68464
297789
127093 -23
140371 16
197593 -1
42562 -76
246737 30
169284 4
293852
252396 -21
41213 29
430908
101915
74625
16749 60
233126
407828
369604
301983 5
411714 -2
263139
461275
345001 -81
258726
153940
34785 -43
250187 -33
397152 38
29831 -32
442940 55
464394 -33
194109
30800 -32
82184 46
220134
209856 -27
460812
197533 -18
14646 73
41855 76
292975
197786
307625 -35
231130
37050 -6
196419
407939
335459
85246
55092 -24
234679
462785
478281 3
122853
98436
342977 -63
306971
474492
284423
94151 26
85586
185277 -9
172155
458042 -70
149863 -18
154518 38
484542
351062
288426 61
239960
65124
104602 50
473787 -38
452608
85645 25
69097
88600 29
185812 1
199676 13
81368 60
469666 12
124094
374490
300701 -63
264682 20
144163 14
207332
312517 79
397214 49
489679 -69
403761 7
210646
368404
181228
428141 12
83985
372441
475264 14
199175 -42
230497 -43
81295 27
406703 61
130971
404157 27
279612
347660
235446 5
370187 -22
43792 59
422431
183975 -77
312282 36
189365 4
457883
104704 1
93640 7
171149
211347
313408 13
333103
149277
211187
244057 -12
298750
144916 3
223497 24
252207
158206
292315
452689
224792
148698 58
93454 -7
295763
110564
469230 -20
387160 30
392625
439506 -29
248704
211423
260726
325778
237416 45
62946 51
123076 18
231059 -3
197694
47000
146018 7
170040
432939
129834 25
381971 7
343316 -23
33789
63216 15
20894 -15
66321
4402
34869 -79
176109
215905 -32
162989 24
446255
487561 13
406365 39
82195
218679 -3
491464
202198
391304 -18
348720
204493
22045
189531
116049 -25
468702
112956 18
14739 -68
244078 -4
35053
294021 0
473833 -33
281325 28
60869 34
416151
447461 3
256940
113328 -41
260506
298977
41342
365974
276514 17
326998 -24
47663 -37
262686
210610 -1
389217 -73
403927 69
66243 57
277795
451949
103070 -16
280193 -18
194708
142773
157628
399392 43
402668
380443 43
246756
147079 39
111965 -46
466541
18900 12
55493 3
406673
149918 -32
498922 28
312178 -9
143236 -26
119744 91
480875 -61
3704 -2
292850
259562 40
468778
290475
108459
309988
36520
498185 57
470794
26472
143988 -19
377976 -11
427564 37
163410
287939 -65
419665
458698
333199
314505 55
412427
250485 42
425549 7
88278
113511
237128 -47
73063
266484
204761
495103
485282
238139 1
48006
86759
19632 30
277460
300024 -1
194510 -37
402567 -65
151432 58
497762 -26
418068
279077 8
419688 -28
23634
116958 -32
377068
125027 -17
104468
15161 -23
342038
15332
197508
129374
60046 -1
194148
432840
192134
499937 0
448614
433791
251262 13
83676 -79
436134
331425 -43
48013 -22
36540 22
484218
273649
50230 -14
37475 17
200002
298964 -36
368183 -33
462356 60
234762 -50
369233 8
8125 -19
115034 -56
166309 28
245099 3
51473
373734 -53
246219 -11
320023
94087
33934
120766 46
262010
138480 34
475720 13
131886
290965
152222
77840 23
499117
163381 -45
108851
439252 87
463286
66502 37
285102 -68
372508 -49
269157
133073 70
488533
71995 30
263386
402925
411588
390251 -1
388101 39
343758
380824 45
402263
260612
152236
99532 2
240355
13879
174753 20
27276 65
79675
426367 68
157627 -4
492232 5
150981 41
96396 37
486280 -66
353396
473456
301076
356034 -22
361996 -7
362387 35
46878
216929
175488 41
141643 -26
446218 -29
412125
146669 75
326156 -63
304960
263863
110756
296543 -74
7662 -30
334837 43
231811
392740 -3
111704 57
106903 6
409300 -3
153520
59022
136802
306379 4
366133 -4
230785
182141
34793 12
167672 -18
59277
281472
9425
225542 -12
50456
407115 72
234798
279742 -47
111493 7
181319 7
431153
10547 -15
390433 -31
236380 88
175771
436533
141828
380931 52
84078
76238 -35
221289 54
85611 -25
46123
187855
51112 -70
282730
91232 -75
184790
316923 73
88857 4
170199 -96
306556
320898 -7
111406 -41
306783 -33
317814
79385 -26
264916 -3
25108 7
11054 14
366689
397298
214878 56
236595
192902 -38
76197
214260 39
273453
2828
402920 29
487654
307155 -27
312308
397755 -71
330470
258058
210742 -36
451642
175293 13
430377
359650 29
43045
30099
331420
38789
200372
18568 -23
110360 -82
118237 -72
66414
95646
250613 -61
337481 -65
371414 27
411172 -1
217812 -26
186239 -75
206990
441054 -77
351568
158053 71
405093 -47
269931
120097 -13
350829 56
149191 -5
491795
428509
302796
147234 8
326354 61
487754
310959
226416
98948 -6
20448 50
463609 35
402004 2
36223
66733 -31
497822
39675
260034
31162
438582
200871
146193 -1
220484
368218
493739
170821 -39
415740
236694 -29
38947 -20
121198 -48
204510 -36
282848
116145 -68
24772 -15
199640
262862
494768 6
20066
483236
224729 32
234590 -31
444738 6
17659
470704
216780 43
171843
54563 48
96816 -12
325824
417573
474780
391581 -75
311639
106999
145138
45788
193854
405667 -82
85575 -20
417928
212396 44
20714
200287
344171
118817
161053
288636
145359 3
495170 14
330389
152901
212793 -65
374980 29
68676
28000
490718 -2
158037 -9
310389
269399
201137 -15
64682
85672 63
81147
110848 -18
183799
5994
179801 64
57454
223060
371440 -25
390558 -40
379354
62432
244449 0
89689 78
28289 -8
432034 10
488087 -47
362125 5
328180
348050 53
418432 -32
329890
428026
382885
80358
252504 22
338469 23
128470 -24
383011
277927
357579 -64
498487 62
135005
321500 19
182524
43531 5
15792
70569
122253
62282 21
339227
404327 25
489590
166538
190744 -3
284253 -2
425841 -49
142928 16
187122
13143
100652
395587
106252
179834
306667 -24
470589
53977 21
158661
45245
267915 11
252995 40
413739 56
295835 65
17514 -50
168210
89032 -20
50178
61341
316200
301775 -19
488345
271098
19514
344118 -22
481271
198076 -76
124402 -7
79246
371527
114464
84389 19
276484 -12
431697 81
165117 -54
52189 35
263837
99712 29
234496
227193 -42
389504 -64
20748
154303
297207 -41
409334 65
250270 16
409018 -1
18788
340647 49
402426
156329
451987 -28
63000
267518
253661 20
45526
215019 38
487370
494434 6
374239
55985
405284 44
408813 -73
254099
343816
19543 -1
22404
334807
128501
274555 -42
370352
449643 -3
183698 38
167394
357315
79613
45570
57947
276187 22
212343 45
466699 -8
255824
240346 -34
370978
74152 -74
149022
129228 23
72106
260075
97128 -13
249191
474627
85986
25779 21
453094
101457
132756
142363 -80
312436
406123 -37
87295 -20
376329
453087 -35
244495 32
91790 -36
34113 -56
350076 26
333418
265613
273341 11
300823
14379 -4
194195
43524
40581
363326 -41
142441 34
88439
407490 16
51194 -27
189236
183708 26
494383 -73
44807
421684 35
132685 0
36100
48302
332494 14
135026
96181
493108
475631 -11
397027
46694
166268 36
370375
279845
146978
68050 70
474917
369689 45
216564
180515 -45
71571 11
148703 -63
412254 1
441842
321763 -18
210289 -43
406711
21980
420591
421089
11476
487737 -6
365794 22
161383 62
2065 -21
190362
327411
348358
70759 35
110386 -6
31035
82110
420480
316114
258306 -21
73600 41
320507 11
32890
371238 -13
137335
350520 -28
136007 -46
235705 -17
133365 53
57681
38787 4
448988
453220 3
375078 -12
379969 24
267451 -69
252032
45382 -10
421005
79922 38
373628
214252 -68
205490
403584 29
152920 -78
369234 -48
184643
292756 -18
97967 -48
468379
205983 43
425451 -2
336814 22
296421
239269 24
485630 -69
28955
66877
76601 -36
332129
66152
439423
278512
51222
233175 30
98762
156914 -27
235925
461228
163100
299152 -54
434856 29
363547 -12
412353
221009 -42
461105 -12
489138 -23
258128 6
434538
227399 65
147405
413161
405560 -37
430836 21
251776 17
265654
453128 -68
372639
235595
97352 -85
196653
374668
62991 -85
285039 3
162103
355100 -5
278174 -46
171480
101512 71
381853
179985 37
474074 -53
107915
123634 -8
136408 -75
454902 67
77350 -26
80447
379951
488367 38
269560 4
269100
383000
228382 0
282985 36
274351 13
296000 19
222173
68056 13
84413
395540 -5
349972 -47
20288
271380 -43
457382 51
129187 -55
403953 29
265139 -55
488103 50
156594 -24
52304
250585 -53
489932
497351 25
40374
391231
132023 -4
465202
74101
143880 0
290622
67970
104549 6
415120
237691 8
276970 -11
241903 45
260491
76467 -11
80934
62388
493643
419615
258071 71
278898
163601
264414 -67
355592 -12
79359
130879 57
127043 -72
190424
264852 41
174337
381991
400767 37
113025 24
483995 -6
467730 49
313401 17
65789
336145
10393 30
496530 -20
490273 -16
235581
345511
396488
26097 -79
284164
305240 43
261060 68
445912
55148 22
208931 34
11165 -11
83512
316226
26768
68800
314456
121179
189063
215617 -1
189974 -45
290127
356538
364354
205812 -21
288599
414822 -10
104234
21247 -42
36551 -78
450278 -81
164809
20994
24641 45
481008
144543 32
60324 -3
487625
63040
421462
352186
203747
34750
39548 48
94489
225502 89
336906 -44
18791 29
250310
178733
95468 60
201139
66128
437664
305009 -68
163731
314566 3
333969
259523
127559 -40
379521
68959
83804 -65
444048
477594
399896
276070 -28
322556
425428
8580
62639 -45
125034 -40
449393
116141 -74
46450
147591
494109
27863 69
456714 -71
88087 -13
445608 78
71937
27646 -19
19606
162550 11
487557
297853
286352
389940 6
434043 37
344243
257798 14
98922 -6
167264
171161 -89
463082 -43
173665 65
486725
434785
236544
48587
108274 82
162208
133411 -18
465833
153576 -86
255916 53
198164 12
342608
192380
186275
195771
191211 -2
307537 4
205632 -19
113433
441950 50
18551
105789 34
185682
202316
48326
467492 -1
66079
298390
62226 26
462632
122301 45
254461 0
72578 22
75347 -1
197502
147464
39790
25137
343499
203856 13
394069 24
170948
432356
476867 64
371637
192907
481038
13497
47410
134493
214081
488230 4
136408
49992 -32
77442 53
437516 -42
72382 -53
151862 -60
136532 -32
39630
307622 9
315161
3353 30
309210 -44
132385 -40
462566
481564 20
174777 56
9996 30
431759
261623
371075 30
294747 19
378287 -70
195346 -30
462427
15251 12
339257
290052 -81
43258 -3
235200 25
121167 -34
275270
110293
45948 31
190681 13
193004 -7
278897
39357
222227 24
452511
150914 -38
188947 -1
202004 -73
113663 -62
199415 -4
92074
39840
461989 -91
446391
446543
366759 39
287222
326275 -26
455536 -74
222202
334628 10
170416
189907
405228
198341
376505
468928 31
29579
111160 -4
490344 -19
226789
378703
234242 -51
45583
492352
143699
298418
377899 76
136612
346726 -45
443478
41856 1
114646 20
468679 -42
203416
70890
204078 -5
116097 -9
23171
19382
104761 24
288767 7
105511
103822
87244
118130 -31
236232
347295
114377
438442 -64
58773
14683
44359 -37
116174 12
21863
456255
189744 25
274985 67
201483 12
90244
353655 27
431878 4
219651
179519
483764
32254
209691
178882 -28
475675 7
91104
442491
153326
345001
442916 2
11160 16
333928
199302 9
151986 -29
293121
194252
398318 -56
36797 34
475842
246254 27
289661
199638 41
369460 -47
405372
82701
311521 11
86115 -9
178540
466509 9
41745 -17
96207 48
116369
162045 -54
277680 62
180196 -12
456221
370977
68974 22
470619
438953
92334 29
357703 65
217933 -23
133220
179154
456318 65
81506 -1
25084 70
408884 -39
14331
77845
470713 -29
279965
316209
190590
248610 82
345582 -46
493187
368283
64419
27494 -28
442582 3
104917
119439
411082
247621
406215
68300 27
86188
413022 23
470225
409400
377467
495144
160346
376234
265241
258064
389657 29
238845
103343
370193
194372 38
172241
177344
129444 15
414145 -21
351983 14
53259
78611 18
177485 49
217064 72
18252
221854 -60
288583
136168
185373 -13
144131
337506
1458 11
499370 65
345536
41932 -60
165339 33
268385
855
140939
434654 -76
124217
8867 -28
440941
495868
145456 -92
463771
472277 -10
76178 30
209877
420084 -69
458027 5
277691
40844
310363
471391
69028 -5
368852
355072
303580
187420
389596
12556
296720 17
219708 16
24991 -55
410797 -4
412992 28
98327
494624
263527
347372
111068 -41
445667 -5
381442
418122 4
341245 21
462021
18765
236895
422632 -40
346112
446424
229035
41611
45541
211804
330866
484986
146092 19
375038
139072
316493
217638
205180
21914
131656
322395 21
443743
412949
492016 11
235090 39
97486
313561
294476 -37
147360 10
388051
122148
250250
112313 33
174107
116610
190186 11
140476
461327
403403
261152 -21
252858
429530
410902 47
326353
221890
329956 -19
77094
364008
157184
430949
268906
319493 35
104336 21
145374 -24
489150 24
382068 68
491338
163831 -10
194864
77142
486642
333888 51
124148
430318
124805 4
226329 63
164192
53312
106359 12
249688
27204 10
426580
375323 50
343229 2
20655
248827
85095
150887
436352
132724
198453
262003
426313
280891
192818
496163 30
286222
19229
281550
161604 -45
468710
44753
133821 -13
180113
132526
66694 -18
418815 -1
428195 -5
309677 10
100817 32
328447 33
345725
497732 -1
177618 27
44719
97351 11
379907 -21
234769
151326 44
140056 48
440592
20570
262806
215064
461844
439280 81
443984 -33
497477
443709 -19
191854
378867 -51
198426
473928
136116
189019
238899 34
309286
194934
1155 50
372136
223744 58
445870 -44
4395 3
476195
244698 21
271655
10950
479443 8
191052
488252 47
417337 -34
269328
238221 92
293033 -23
416878
35360
148104 -9
379603 27
458608
497491 -23
100429 -18
28116 12
14719 -54
219180 -10
363605
32024 52
275043 1
452378 16
442561
236200
430667
58811 -17
6133
206986 62
119983
105812
369241
182695 -32
303449
161762 -75
27061 -48
161308
367744
354612
341449
32039 33
313926 16
494662 32
108776 -55
74334 -66
392520
455179 9
115902 -4
213342
273161
466347 -6
146613 -14
72292
232498
203862 92
108791
363634
205053 -25
443956
376842 -14
300652 90
14079 17
247113 -39
212908 -50
303995 -62
186460
85842
78657 45
358257
205172 -49
353459 -51
79222
388964 41
237964
259372 -48
149814
52695 4
48464 23
450117
432826 37
364692
325165 22
126962
401801
343882
130833 27
70285 -26
76143
468951 -54
290445
22241
107891
52914 -5
144868
403523 -30
126437 6
357666
403542
169845 63
146167
297068
337110 7
21556
284210 25
91490
248703
67215 97
411955
307159 -64
12527 15
20325 -31
210591
337114 -13
172648 -4
233426
249494 -60
234857 35
244947
91874 -12
259562
51327
69771 -49
40513
397465
404445
419561
157039 -43
360066 -81
379720
296883
283757 15
184125
380390
298840
254074 9
176920 54
481089
463123
330624 -22
300622
294881
323286 -30
250579 54
377810
71363
397435
421381 71
77993 57
442152
490058 -72
352689 25
381719 -6
123522
160978
244704
419631 -1
117394
458630 -20
141302 1
113271 57
100492
138740
401232
218978
358553 -29
330037
175248
497774
394434 3
255920
8167
336113
772
482353
435937
165715
56135
363179
268205 58
411349
130224
230015 -12
75397
326834 -11
294335 22
416094
496326
481533
295672
359279 -67
26972 6
224530 -44
407948
403358 30
143452 -53
73653 -19
58402 42
386592
325727
16504
199829
226660 -5
145330 2
31546 9
475895 -61
94831 19
316931
67155
349892
180150
29628 30
265600 -47
381207
399844
392065
221003
207948
326946 5
161642 5
12592
268309
263451
8481 -23
485806
433839 55
297583 -44
433316 -1
485020 1
450495 -38
429349
18973 3
98192
353614 -78
102389
421334
246216
341904
357864
23542 -15
107192 25
433372 23
9264
399698
183982
197856 -29
89792 64
319128
205035 -22
231894 -7
227254
53810
334529 -15
130029
378274 19
292969 -7
492736
35673 -71
414787 -21
271722
122272 -29
60870 20
143698
132383 -17
167299
408492
364779 16
130419
424320 25
245838
148699
229334 -43
117570
210918
353073 1
366119
351126 -51
350024 -28
23608 -30
60667
343159 -8
385178 29
152493 37
189423 3
194362
96399 64
36053
457351
27106 -52
18009 -50
7859
269472 55
143171 -29
325775
102111
19729
476851 -48
46788
382901 16
290657 10
21572
334188
250400
190379
165388 1
17336
119522
307311 26
428125
262993
32118
122018 -1
8263 49
292756
131628
235388 48
78200 80
9457 -11
46370 84
435133
288366 -11
228323 18
140803 -1
156294 44
90568 41
480665 43
168979
260137 59
334270 51
393319 42
457240 51
367846 -3
217539
281406 83
240844
92750
140277 -19
35966 -28
125120 16
93961 23
303381
373499 -46
399523 -53
17174
419567
101751
255108
489362 81
380402
318099 75
36800 11
390753 11
97303
179581 -28
151651
122672
329263 71
149768 11
36996
411514
149230
421024
267733
368770 59
281008
383955
288908
223537 39
46697
345172
311307
212535 36
86015
99278
140633
42579 -13
260143
238933
35446
408995
20072 -29
394946
481836 37
161310 -12
438826 5
386690
172835 -51
419558
85834 -48
438096
444140 -36
188183 -8
421971 -45
458467 47
343043
282624 -23
403650
484078 -14
357255 -47
146624 94
18634 -27
21703 32
455583 60
88665
191297 -28
371550 -58
488169
117271 19
296945
124733
240757
410828 -25
205276
443681
419788 44
474376 5
278394 -14
342164
188901 21
263498
218679 -30
254532
426380 -20
96537 20
52798
167863 -29
466231 -1
256011
234130 30
452539
150840 12
151543
359964 -30
133185
470003
77945
139019 36
269605 19
282261 -82
326285
466589
318475
205268
291273 42
121171
33795
21464 17
43381 16
297077
5010
103791
81621 60
473503
139497 81
383737
95583 42
51167 -49
426532 -2
426851
308192
91885
43520
316127
48510 11
337121
178127
352530
280921 -58
141262
9778
269582 -27
160642
353014 -69
150937 53
215758
339998
179202 -13
394920
89772
215002
345381 9
114810
2700 3
478553 -41
401761 77
277299 -64
20893
355106
90058
266109
41201 13
374339
284815
486435
197638 58
35210
30907
296033
129308 47
95878 -28
385940
167221 -18
133090
176346
456361 49
303839 69
409241
474290
291024 9
191497 -7
273056
204358
444304 31
84656 37
267139
440766
313075
24268 1
424773
9022
184580
229802
268860
380375
94275 -50
303515
46285
268077
307269 -8
181026
29000
78516 -9
58018 -77
362320
52050
205288 -5
3251
93701
178725 15
260695 10
65812
173905 -15
66315 0
155213
54927
405144
428609
142307
367382
437105
388108
382888
25512
154678
31682
179118 11
30252 53
25562
218481 -48
54000
211818 -14
163979 -75
204139 -43
449147
237419
23579
490335
371603 -23
90122
110751 -78
52548 -29
72111 -26
5989
58802 53
204798 -15
19671 -34
15084
323576
74417 -41
421020 -33
235090
72618
78483 29
98577
456689 -26
175195 -40
388279
277675 28
164126 -65
180517
1680
306403
452965 -7
327230 33
223885
313539 -22
358342 51
414927
339312 -35
246019 -51
398972
101804
274350
59825 -30
142511 -13
310173 -1
426730 -13
167536 40
139550
15269
357144 2
340245 -55
191565
74828
423640 -35
330903
275471
41612
94977 -9
293073
248692
146118 69
260172
36957 -4
2175 -17
469889
318915
229485
202582
144365
105941
160016 74
261585
342963 25
223379 -4
376070
132670 36
198594
260404 -26
252270
148545 27
25480 -35
217257
453492 49
321586 -70
78958
31994
296618 2
348021 -67
225009 41
352980
73221
354583 -76
441346 -26
16296 -8
447323 59
187493
251509
351134
178242 33
370187 -17
106188 20
286600
223124 56
423572
191884 58
326247
472740 68
229853 -34
47996
408623 -51
475656 16
24605
234263
328548
481271 4
189414 96
166073
358240
269066
425158 73
307917 49
207940 0
149239 6
39315 -52
267292 87
423117 26
55069
338495
23105 -32
322592 56
287797 -61
288629
170811 31
453962 16
186972
463566
64066 -39
59366
14653 26
171205
257732
55957 25
185040
265784 -16
329618 12
496258
221234
431182 79
120250 -16
416421 29
453083
56167 9
344350
335271
126450 19
368645
371412
198873
343254 76
469741
355999
484733
185953 12
123997 55
329851
307903 17
37678
463630 -77
258600 -37
423501
30621 -30
411925 37
137684
225899
320779 23
300541 -33
147632
24975 -45
322528 35
130369 58
88582 46
154658 -28
458404 -28
422978
455951 -36
451196
401631 68
438450 -7
257854 2
70689 -45
245232 -2
136607
420484 37
120073 42
350676 -54
39932
88662 -10
122377 51
120692
486456
301473
77420 -9
392379
358176
76359 -62
311723
115368
262336 -51
326980 14
59489 3
358522 -21
66656 42
235846
293608
4873 40
346625
305005 37
250681
452584 -6
315922 2
469853 -58
440756 67
350324
322492
150604 -26
262575
381858
253337 1
137340
12367 -1
461434 30
444388 50
497843
378299
498582 -20
437239 17
71698 20
172519
107742 4
56915
250416 33
307095
258002 23
170819 -60
120404
148903 20
256063
14338
482628
157899 96
121389
152204
425206
61203
66462
267322 -50
111242
419403 -57
248327 -39
412363
22798 33
272025 -22
429964
17310 -8
140455
32116
157438 4
307711 93
334828 52
29261 11
149148 -85
215133 78
114458 5
42331 2
385051 42
5789 -23
375281
161421 27
275632 52
334051 -49
5324 56
121444
459027 -65
33222 -83
497936
95818
968
325494 -33
364834
391917
155509
329881
423582
161883
219594
316173
255058 16
491216 -8
492685
375989
423317 -16
445964 -26
114998 60
236409 -49
292449
375202
21485 -32
363937 34
414429 25
50554 76
137500 -14
191940 20
371761 -57
110681 -29
231059 4
108062 15
263730
342972
152052
237535 51
93097
115376 -25
259671 7
340710
493922
305639 -79
429937
342718 8
284196 -46
121349
8990 36
243608 -10
210421
212699 36
138361 29
280412
216424
346542 -25
89260 15
165113
487476
485034
7020
278408 -3
4940
205909 -81
479392
406704 19
248000
80224 -2
396466
115918 -15
333619
124419
59853
176205 -2
441745
399639 -85
9439 -71
152339
134848 -29
114047
418900 -16
289003
458277
204716
401902
342733 10
435223
34716 -79
455835
121623 -7
418155 -60
365379
66262
8873 -4
94285
33832
328130 0
388165 -53
166995 13
108816 -60
489863
487939
388778 24
246300 44
262981
444878
87630 -48
1427
497123
295476 -23
163911
130579 -70
362524
387901 30
243496 -43
299633
454631
391979
110176
331094
434299
282893
156163
10212 -12
17432 -23
464124
409169
237047 12
29562 48
372260
338616
61644
135072 -10
389967
472764 49
248234 -30
106587
314601
427963 -4
113408 89
106236
98511
136533 14
316891
167058
357357
318797
265072
69067
460815
378627 -34
180577
64641 -1
398326 -42
30290 26
280002 -20
31402
387053
75199 23
31977 60
138824
199727
393461 55
7905 70
317071 -79
159960 -3
247964 -3
237998
305433
129263 74
132628
333391
394756 3
311709 62
1513
322447 32
75315 -7
494922
332511
278978 -27
115220 11
317672
235320
386754 13
62454
352184 9
471816 55
37973 5
241920
398155 -47
366198 28
365798 15
197062 -22
114467
206890
81146 -76
179295 -24
450893 9
265859 -53
196240 3
483713
100124
226126 24
478358
226630 62
281153 -23
438436 -30
361131
442283 4
387797 62
167105
68970 12
359345
279506 -22
170672
352750 -7
127350 -46
471476
419776
194596 50
393781 16
455804 17
408408
158796 -23
151202 -14
385341 5
37724 35
135677
250341
59354 62
59375
178265 -20
329068 13
442465 18
25111
41095
154559 0
486157
324154 -28
260779
448884 8
222168
331709 -31
89055 26
133785
401566
153805
178250 -45
131915
146386 54
115978 -13
402729 42
65884 -71
324088
283582
98261
63963 82
459745
256776 7
477417
397617
71177 -45
373798
96107 36
119987
83298 -3
403413 78
354224
5277 45
89399
183365
114822
90799 35
441690
443708 -6
172474 -13
233245
209721 -44
132537 -23
20633 -74
452205
419357
232519 19
493382
147477
252299
217017
68882 -10
348087 55
30864
140140 -62
380700 -73
121798
124586
4053 29
432947
426076 -69
297116
433742 47
91605 76
442610 -9
479077
112024 30
408574 6
351170
65228 39
308013
211552
238512 -52
439167
19721 6
143488
244986
172571 32
245984
155352 -11
8504 31
162160
429364 -96
446216
359897 -28
39169
283996 -8
235963
312091 82
390526
269271
77190
68724 47
75254 26
183704 1
234581 52
253659 -31
236380 32
103924
397882 20
398261
57819
491314
48590
123768 76
170622
83222 -60
487413 -23
256518
403467
158468
250237 64
362523
175905 -34
137692 -24
124275
137238 -91
282379
50237
115098
125964 80
315365 47
341532
479078
91377 70
58174 -57
430550 39
297187 -1
460936
272767 -66
243221 -63
262707
59400 -3
444756 -31
69372
451098
332800 31
390202 -28
372593
286722
285953
187512 46
403492
357517 44
212981 2
319731
330453
46766 -42
191854 19
240375 -27
323475
65460
400733
269442
48222
72983
224180 -63
297058 15
436438 9
335914
213752 1
15996 -83
76287 -55
24798
213729 32
479563
367461 -18
309679 -42
89209 6
470513 42
168963 -54
278093
391099 -84
424383
218357
144862 -23
362982
207028 -33
412978
135153
119824 6
314099
326253
437267 8
164197 7
142632 -65
301627 -13
394523 65
429991
231948
1462
491979
410226 -16
27105 -34
104257
462326 19
84810 26
11557
39108
200023 -48
377485
444993
277356 -44
319768
166068
311813
52951 83
242327 12
168847
129814 -5
358405 -14
44666 -28
482148 8
419245
484817 -19
355980 -23
286697 -18
357011
477083
221450 3
464150
458039
21881
417604
28948 -19
387998 -19
194266
412642
279944 -20
460368 -14
410957 -13
51154 17
378302 -52
253010 83
227470 -43
95670
234915
418398 60
128246 47
455402 -40
103421
314242 46
173234
8660
221825 -11
259843 -76
496928
67400 24
187870
279200 22
372465 -33
162398 -32
26271
310071 -8
156341
260387 -44
233635 47
222405 32
335656 -32
62829
252564
313122 37
348708
218209 64
189744 71
117941
456812
84150 58
50754 86
397633
64289 15
135634 55
371180 -49
202585
50501 74
60056 63
288798 -3
230972 -16
17178 66
129173 -5
28072 45
252260 -7
218264
159584 31
260770
128610
238721
195093
98415
281324
455103
8151
196631
282416
101361 44
475932
293958
213075
479659
321838
25882 18
160628
81483
286529
444927
220067 5
409685
79808 -56
428829
30120
415372 60
493176 57
98354 68
377913
266638
366963
221627
85279
264391
241059 0
284726 -7
366726 -23
475839
157969 -27
334475 -37
172641
180096
350272 9
118285
404003
391151
119107
365149
82847 11
412059
492644
274672
83164 91
119766 -3
420543 3
319807
365924 34
35383 -60
11931 -86
104706 56
332989
138411 -59
236838
240435
420213 1
421271 31
45607 59
85113 43
310821 -29
20325 -43
316141
450445
58775
487027 35
22943 -14
967
414815 -1
374513 -11
78862
192328 -94
348120 -24
143553
491636
11814
436985
299231 43
29477 -35
310194 31
101160
425194 16
214317
14542 -23
304974 6
141177
105704 -48
170961 -27
66828
81325 15
368163 -62
493665
99021 24
497231
328607
453142 54
211090 -25
445040
121708 -50
8776
308486
417833 66
432437
254018 19
306616
152053 -59
362871 1
265059 -57
68297 25
363414
366792
174266 -25
144275 14
235057
149232 34
2642
332339 28
121443
54479
430204 8
368437 -30
257524
162492 23
420115
405769
430709 -22
391652
31450 18
307986
28831 -40
399431
249020 26
103592 -45
173233 -69
385256 46
53118
233743 24
477419
383323 68
90740
56624
145868
269059 63
366771
281980 -29
199075 -23
410561
18709 20
365895 46
345289
197212 2
166153 39
467908
201012 44
151300 10
148796 -19
91595 -40
223939
24194
266974 -26
8112 83
416930
280193 41
40615 -30
338109 29
162751
122459
278548 56
35291 -38
32408
257992 -33
54016
156431
82399 -20
143523 -52
14443 -38
203768 -38
479641 1
218394 42
432100
399672 -55
5673 -18
54456 -45
102933 27
389576
189975 -14
129524
287747 -27
252892 -9
419665 60
328523 -37
65552 6
446123 82
339943 17
7596
395903
332180 -3
94588 -25
210175
342927
230392
340197
57838
388174
416347 -17
336042
338994 61
332369
319414
397833
395147 54
248100
106118
57041 -73
380407 6
18893 -32
440440 47
102574 15
111513 80
364455
88830
36032 -18
184102 -23
496649
197250
134415
331348 -18
312818 6
92995
64373 -48
159730 20
318394
373449 20
199827 -42
424497
58330 -40
176208
37007
137412 -13
208327
410873
461040
26628 4
319665
15307
62591 -3
77747 23
416780
432750
196285
357331 -17
196205 -13
206897 6
140263
338361 87
109718
463315 3
206431
435844
381890 74
499092
340924 1
171802 29
171712 -3
39931
382731 -65
14126 -14
450191 -35
58647 66
168788
496963 -4
344414
393789 -57
8480
237840 19
219855 -42
433569 -54
53585 26
227354 65
413699
3264 -7
106141
489273
3500 -13
396889 -28
246909
262699 39
349548 -41
78585 -3
432149 -30
380443 22
169329 -5
372222
111480 88
313041 -5
206410
100088 54
318159 61
240591
336779 41
60432
379231
47636
498620 51
421403
473075
414745 -8
343666 -31
239413 27
217385 22
106684
60471 -27
447168
143643
175722
416250
59315 31
307344 -46
380891 9
329082 27
330856 34
309688
361774
33245
380131 -70
256178
370329 60
442364
60021 -3
147057 18
52114 -4
249812 -31
282634
352423
192482 -27
54236
394469 -28
160688 22
97279
88316 -19
151242 46
459636
49829
167026 8
226820 21
7512 18
224529
195012 32
294394
487632
492234 -16
497455
21870
261698
100091 47
391219
439730 70
420897
220683 -62
273838 -6
190719
181884 39
94104 22
105090 -73
335 55
108269 66
112820
113504
486991 -3
139901 -5
264460
329144 0
210713
4296
212556
92480 -51
162757
145876
472616
155008 -4
13135 62
478193
496954
152332 -26
160053 -27
109469 -26
474108 -25
52635
102558 -55
397241
410441
73253 48
108280
447374
215815
35973 5
22277
51556
358613 13
137044 -49
376098 9
432445 -55
141535 14
474133 -6
227938
240296
352898
302298
478896 -25
152390 52
121809
290250
473467 49
395559 -71
496093
68657 6
417329
155738 -65
303674
8550 52
166039 -17
464137
489924 -68
4602
256651
82352 -11
482506 -86
82507
347120 11
468255
332974
144096 2
14686
177132
344681
189527 5
488606
479502 -50
208446 14
139971 -41
349913 -66
198086
185090
40118 1
345503 17
268299
38613
136207
454378 -18
412340
125596
178071 40
28166 38
478831 62
181543
455022
175892
118972 52
112284
189015 -3
360408 -63
188423 22
417530
171319 -23
306567
132584
329802
151406
48633 46
348680
429895 -67
460547 0
90388
468785 32
32937 -50
286866 -66
242380
384976
310789 -27
325319
59711
257882
179066 -70
26890
167568
254317 0
341991 -17
269221
244014
22993
401764 -12
42574
213239 8
350726 -64
286709
377554 33
202542
493781 -74
331518
415099 22
160311
300172 -53
239707 -26
255749
80013
54017
435340 -47
449310
145591 63
99183
144742 -6
379754 27
190942
310032
441277
204855
333085
195837
311385
243250 -5
76942
47846 17
479196
419234
348301
430626
467575 -17
329749
262375
492355
248127 -41
282944 -22
134556
390629 5
217426
146310 36
481257
27523 59
127793
22629 -25
111468
399756
477387 55
427736
180516
53039 92
271952
349462 17
27672 33
187885 70
128285 -41
348895
208618 38
452506
205262
295821 -10
333050 1
12294
91175 79
100084 14
186953 -3
19236 19
69860
429504 -60
234351 15
459120 74
437009 -21
338283 -14
154976
358363 -4
24099 23
9191 -40
331423 72
21413 -3
270798
110169
374618
478698
250001
64539
392004
26027
71398 -50
39761 47
316844 45
73560
320159
38572
138009
379185 -41
43315
225954
482512
288185
138071 -70
185449 29
310484
453510 10
218939 -68
294670
273793 -64
267138 60
230862 -20
31616
111731 -78
414611 -32
256500 -45
413334
305301 86
48389 -72
97784 -39
492116
479985
333019
19209 -6
399923
103281
408503
110602 17
241850 -69
85071 50
26465 6
70986
420593
74965
103999 51
274631
489418
86174 -9
485787
227472 -26
65139
214327 22
213933 -10
327265
416606
483360 65
8203 80
161935
15894
18959 26
203420
160653 -68
194439
487030
342581
284339
3705 80
359851
247047
393296
160305
270237 -69
371937 -7
427290
271610 13
450220 59
498877
347433 -3
298850 -2
141645 42
311053
32341
429519
157794
236510 53
498413
486754
284120 4
179778
22684 -48
272150
492767
458029 70
376982 8
9726
440330 -26
318075
139177 -24
435052 4
141918
62330 62
287081 24
287337
229337
140186 39
446835
288783
152348
249837 39
317488
162052
321313
331225
307751 -34
416202
213092 -15
300381
398704 -28
291145
3346
231156
45728
184309
497539 -71
270601
141451 57
9751
5306
214982 65
271738
379341 3
435251 -50
271466 39
443914
414505 -61
205967
369832 23
245059
451319
107084 2
78843
405581 -27
322520 2
412599
232627 10
292194
402302 -37
445608 -41
202240
443024 -6
71109
389987
217964 36
100347 1
335380 -51
365478
300187 -48
408338
180227
98854 26
8286 40
54290 -20
263938 88
117858
382694
41643 -12
368624
367664
75912 -29
91900 -41
357940
204916
373745 -53
309338 16
71929
428458 95
65165 -18
206076 55
499920 -23
140483
28955
409642
299614
24242
99348 -7
234948 37
40873
214053 -34
238812
295713
318141 42
463799
2546
436068 -62
410352 26
184973
347721 -17
260141
391765
139397
336115
371951 36
245751 -3
380486
191989
349277 -55
496119 -6
127386
296723
493542 -9
484607 -22
177140
188156 -18
167421 -78
428276
367361
318646 19
191560 -11
80682 28
288182
445578 -9
279230 -41
460436 -31
208591 5
452998
392347 -66
173793 32
129145 -18
278776 -9
409863 -23
93403
294451 -16
197160 20
355646
197913
103793
475412 26
373526 48
126486 -13
10748 -26
396678 -39
29253 -28
45125
131945 -12
243516 58
128020 18
382597 -43
448478 1
345463
290719
142544 -86
462263 -73
359076 91
352905
429854 -50
440665
64370 27
273038 -28
397637 -26
67323
304280 -9
224781
450052
451748 17
206628
400804
155636
133907
449350
395700
120100 -41
422077
449945
227696 2
42176 -16
169135 16
10344 46
6106
84227
416325 -47
231077 59
362507 25
312828 43
359985
387600
365300
286572 -65
346054 3
308658
318622
440535
1152 -20
301814 71
407798 54
405641
483996
427464 34
496017
363805
221451 3
182495
224100 -34
437363 52
338243
428415
395295
26710 90
420921 -26
93208
396707
108532 0
287529
196830
64051 20
367818 74
100570 4
36053
26464
125714
54543
52941
372615 54
45059
38754 -22
378502
486955
275568
199346 15
119049
292781 -22
209030 -13
289150
53005
479584
64739 60
122116
47912 -55
359871
283705 -50
319567 6
274937
262155
105350
389597
347221
295975
486745 -44
398990 -82
459485 42
319774
203173 -33
67153
221497
493965 -70
487664 -65
459385
318738
451631
336623
499565 -9
167672 37
466371 25
498154 34
6571 -64
107491 -49
187632 44
350881
452476
402952
196412
59999 38
282168
11312
164168 66
302843 67
199828 -28
84622
327128 -30
336513
446613 -36
194227
195471 -91
117799 -3
34800 6
327545 1
416247
280717
21529 8
402831 16
46745 -15
20801
39278 7
200478 -3
310762 54
427073 -16
73617 -19
485951
145701 3
407221
230224 -69
214241
70704
483445
498127
94819 -95
333822 52
406276
47063
313207 -61
346792 -37
37038
74754
251698
402921 13
42180 27
355379 18
25030
149959
459902
388246 15
230740
248342
190309
435259 51
313262 -15
279580
155037 -88
426494
282200
50877
60404 50
28229 -18
322553
455881 39
178150 38
314518 25
151652
358754 -31
58494
164976 -30
231529 -1
78649
175222
141984 -11
87702 -7
109043 -42
461137 69
126388 -33
388699 -46
419953 18
97845 -7
105532
281329
93624 12
259494 31
312628
399296 -26
465909 50
117289
242128 0
205310 -1
86247 -3
116551
418038 -28
151336
189937 -50
234830 -32
457908
412117 8
440085 39
13544 -58
331305
371148 -12
3648 -75
499961
266187
318141
437539 2
251195 38
404378
488324 30
180994 -22
382920 -25
190956 -8
214127
466621 31
210831
466645 50
54082
180247
94566 -3
412813
386897
286634 -76
203043
361676
341504 10
451207
116415 54
471057
457217 -7
275205
12465
458572 85
201498 88
125650
311459
362003 -16
493687 42
113833 38
380035
279025
369854 -25
28167 -23
401067
181053
81939
232473
47271
326172
27928
173293 -36
367695 1
375563 47
158723 -18
192233
42380 10
138377
497153
376475 56
467595
311126
191638
887 -31
217547
426072
251929
405677 -81
126439 -83
362274 32
160717 51
162554
482525
385922 -48
424219
354902
121057 -5
162697
461853 12
180361 13
201189
439592
337050 -42
284484
231077 11
185852
76953 48
351620 27
257045
235645
285412 -63
3098 -58
243791
388097 47
264293 65
370858
237017
161037 -28
324607
303290 -33
383908 -39
98264 -38
189154 -38
104147
252255
322075
430613
350166 -26
190437 -23
110047
192669
71456 -61
54152
207529 -56
275929 -14
104766 10
457113 -43
72269
18466 -23
60874 12
316739
260561
234541
49307
432311
364351
12977
296217 8
123925 35
14292
275335 -51
348931 32
424311
251845
331592
116773 -89
328451
39369 6
391064
306897 -28
106193 -24
432071 -20
329663 -20
455516 -14
24476
486410 -54
385983
8612
288036 11
465739 97
7059 9
24755
147709 -56
214426 17
28346
357740
103638 64
132125 36
79543
414463 14
359515
187550 -11
412907 13
260725 -55
451564
282987 49
443685 -2
270516 28
203299
35514 -4
435811
211408
399527 2
284380 -15
331262
171274 -6
277036 8
410917
137918 34
454521 50
112311
104793
215093
353705 -26
372594
410908
271849 5
198827
109049 6
203477 -1
354940 -49
482162
389994 -92
357016 12
169580 4
60041
123433 21
212082 -76
281495 -22
140092 28
433688 64
141390 -9
203586
360627
429156
477244 18
475695
365746
80107
186759 55
228826
225778 -9
411288
113865 23
414380
225478
471203
453963 -29
340457 17
342105 -3
444673
375773
48743 4
236226
499163 17
340815
185526 42
92905
363814
80672 -47
389254 6
297417 63
127329
227572
103830
450408 -2
491165
33280
315217 -37
76546
231473
344603 -53
26274 28
489853 54
349623 28
241311
498831
453375
162944
432533
412169 -86
492808
228291
152825
36375 -8
256376 -59
422939 -46
270394
263836 40
278808 -25
359238 -72
99137 69
21087 -38
323170 32
300352
272801 49
493326 45
350701
425874
103240
35057
120504 -7
442432 -24
349303
458684
104983 -12
142277 -9
71617
326696
490115
172343
293163
94923 16
326009
431730
458226
21070
17435 65
25585 40
407625 51
59659
407778 13
147354
45080 -10
461678
210166 6
51724 93
237000
408721 -56
95008
448086 85
370996
52769 50
322586 -52
425872
27353 -47
404568
329719 -34
243739
62317
226824 -3
310144
213560 57
167281
441006
140457 7
440002 29
86310 2
76085 25
413036 21
132652 31
451950
457891
12820 60
187068 -42
195472
376045 -81
93197 -26
441512
79181
220008 -34
420365
369331 -4
126536 -70
131586 -1
12239 10
470844 -21
41853
423290
237175
17152
145748 24
332878
269247
226786
157806
459044 -15
28618
67677
301049 -37
94709 21
410052 20
151347
486273
53584 -13
61831 -13
44140 -10
70320
169410 -62
160917 4
322162 26
437545 -18
152401
260702 13
432581
176118
466239
153122
90386
315185
192037 54
469727 23
422076 22
7384 -52
103586 5
124216
406464 -24
118648 -36
250140
458252 50
279721 54
464307 22
304218
341799 -17
295093
476086 -59
262743
462004
105308 11
308416 53
436072
334461
305151
254074 11
92637 9
392042 -28
52080 -34
472413
33539 15
50562
125232
166666
99887 -17
402927 -65
287698 -18
399078 19
324003
326853 -50
432453 -24
495735 23
256719 -16
144997
331590 -39
148098 63
109031 13
33617 -74
142390
246179 -44
283051 25
395404
406067 -13
249761
262770 45
158764
494555 26
36839
489426
266647 -5
54601
494345 -9
308686 -29
397662 36
239371
386910
95579 59
333284 -93
16910
53289
29665 -45
135774
394658 2
477617 1
437446 61
495616
493933 -2
451163
215211
495315
476455
43217
328833 -6
310423
368419 -42
205979
496485
438653 -30
179044
267469 62
468738
480997 3
97792
283836 -15
334650
198221 11
477371 41
315382
430188
4690
111031 -46
83346
24581
128329
394955
65425 -48
8792
158108 -41
42393 -54
146364
70078 1
115487
149165
31714
372959
143629
484808 -11
317262 -12
431153
313523
388022 12
102965 55
164090
477431 68
201967 16
377464
63893 32
114136 4
200161
15931
130417 -37
170296
402602 6
367031 31
491287 -71
343089 -86
213618 64
135633
292996 -69
279320
272579
454617
95191 -11
304940 -14
135963 -69
477826
237193
110150 -23
284023 7
377571 40
288642 60
483962
482545
498377
46572
332172
452721 -54
148781
179796 -78
273937
455436
109183 3
250546 47
350734
303956
217512
381980 23
42563 -33
478226 45
165922
30502 -2
38411
143214
203937 17
491243
383941
329595
156054 -65
4487 33
227377
99040 34
425142
5396 7
255751
497195 -25
322672 36
382940
493793
95971
25316
352837 38
105102
488294 -35
462063
280978
336811 -47
45926 -65
284029
194639 16
1791
263611
39471 37
210887
172225 -3
404435
34271 15
40832
232977 -46
56165 94
71439 34
360594 48
58543 -15
493823
402013 -10
498565
172235
195620 41
150787
255652 -19
324289 -62
410922
473160
77313
458117
293224 11
174222 -16
109453
457227 14
81356 -35
266749 -83
170095 -72
367541
417356 -61
82834
50146
336928
390453
100917 64
148520 -49
148370 79
459119 -68
498613
343383 69
130056
106696 -36
490342
142322
294682
494615 -51
120730 -83
482861
287066
35839 -1
335128
464987
295515 5
103682
28729 43
273893
448954
167691
367768 23
257877
124516 26
173751 13
195171 58
452650
152576
373266 -54
268679 -37
248244
292045
305247
49982
299057
361902
176281
392021
336580
232802
296585 -38
432597 -36
115453 51
377619 26
106854 56
456052
106489 -12
378712
176553 48
253171 -16
418801
450453
472829
402743
303333 -58
18343 17
349587
177716 -71
216476 20
336992
450208
115478 14
269537 -42
257773
496408
194665
452863
431991 -26
457081
180799 0
144394 35
383222
491208
283005
171529 10
458955
496126
410664
274320 -52
138334 -47
459333 80
340487
481266
311948 2
318858
244714 72
375372
369682
313244 46
490016
417947 53
46678 -37
357038 -54
69702
379422 -15
354823
283521
444465 61
109247 -59
59990
258152 69
353924 58
217196 -40
164341
147438 -23
262759 -5
227457 -27
453243
139434 12
263290 -73
222519 69
114701 -32
483028
372462
102780 -8
479931
24053
177180
485633
481872
220878
475121 -41
104653
193266
225908 -68
429373 -6
36784 72
28727
443652 52
27850 -37
379494
250297 10
450610 26
297890 3
287560 -20
134772 29
16462 21
189962 46
114762
388414
366658 -39
318572
290309
359593 -31
285574
458799
458027 6
237979
100798
256353
266333
400268 38
479814
433859
78871
220326 58
404056
70227 29
201372
270525 78
116941 -29
99864 55
40154 51
211840 17
67721 30
385332 -46
114636
295820
54053 -82
49587 -21
87553
79168 8
296425 14
1874
347907
328689
60687 -25
176381
321390 69
219683
462540 -2
468871
368385
26388 29
3109 -6
474677
15025 -8
43283 -4
51864 -2
78302 -46
477755
342974 -24
243443 -62
175918
380976 -25
38114
457165 -11
139050
474736 30
434533 -48
194687 74
289062
360571
221741
276927 11
328575 11
299712
120504
5337
485688
249027
383898 33
430351
368539
372682
440674 -61
310104 19
165351
406043
383515
408113 37
118983
184108
26018 37
425060
311518
307272 41
48985 0
330845
284539 22
150077 -11
171648
195352
478723 -15
219783
285573 -32
428883
327645 -6
255045
475508
191653 28
490904 -71
22387
198522 35
288961
479087 -44
253970 -12
22872
64831 -17
229608
245535 -9
333777
156498 32
37203 25
310217
90823
31323 -81
192445 4
375267
435852
461673
75945
225551 -71
183648
133395 -7
259371 -11
185081
179776 39
420292 20
224775 -40
298392
196205
72465 -37
390019 -65
428186 88
288910 11
463146
135894
231757
355088
484590
409002
395415 -69
259152
107264 27
22510 -3
20911
209971 46
51778
194848 -30
201057
429016 57
375322 19
242273 9
8567 60
215990
233253
417635 24
191481
493666
161591 55
450620 -73
436105 -64
402466
368980 -4
275811 -7
86793 -53
328204
355615 34
358973 17
347020 37
439715
345071
329893
248673 87
88607 -5
360658 -52
111309 -11
220263 13
127724 -5
435965
14122
465468
122789 40
242674
358940
74591 23
460042 -58
128590
365127 -18
249103 -6
363161 -6
158958
339307 35
182660 -17
83274
22855
420571 43
433488 -2
21839 -20
277845 -4
154468 -31
95944 38
61276 -42
4339 42
267662 27
280350 -5
479978 -9
367847 46
324121
106581 -32
151266 44
261565 74
252230
444374
144676 66
235334
264165
183463
95678
152626
91186
191992 55
438312 72
88236
168682
36434 -67
40835 -4
13361 73
480966 35
436311
387695
291762 -57
466037
307852
60093
436512
418866
80326
497203
56954 -16
42213
166240
113675 7
113935 0
245923
105805 18
483199 -25
33781
270313
78562 67
318727 29
190722
492561 -36
144068
197626
176211
252302 -64
169174 -9
112543 9
351422
412929 1
414434 16
412104
161096
204451 -24
40645
97097
169200
404757
427746
88430 23
63342
342259
138389 -68
397705
498598
376964 11
266377 27
132377
283074 17
441454
402151
297121 -71
149566 -32
393090
247935
187317 -51
21324
119346
346431 -35
154001 -13
107054 29
220211
50087
480109
199648 74
468895 -13
290739 -66
167253
412387 83
450969 27
378431 42
425642
353353
107122 10
278741
387096
166467 -3
431839
330631 75
358240
382048 -24
198302
182709
316366
208082 46
240082 -48
122271
472968
186014
67481 -18
361545
365011
408812 15
305550 8
163823
179387
19666 -3
9299
244595
354387
727 27
373460 69
458324
415318
159206 24
49113 -54
213364 26
351082 98
203468 21
236814
248108
162966 38
154375
214014 -56
177939
323628
457636 17
103532 -80
175674
158514
124485
209938 62
477956 -21
462015
297186
432400
177723 12
129169 -2
364545
356955 53
188209 26
395978
339842
365744
166089
220932 5
47712 -82
340405
97906 -13
263975 46
429996 -21
353929
25774 6
453680
245858
332938
474291 -30
391935 22
35240
431517 86
336830
74113
70038
142108 -1
137414 -13
269284 -19
243277 14
260793 42
232443 65
148062 64
282534 87
205708 -34
144951 -80
331745 -32
171630
185063
267155 -15
90310
101284
184387
151338
247763 -28
230774
22512 -76
10824 2
407985 55
429702 73
344621 -55
146124
290249
139465 -10
201191
367562 -9
185686 -14
499666
275314 -9
134208 -76
487128 -60
393483 -4
6206 90
440756
489663 76
212376
242372 -71
110450 0
303525 -66
231485
58684
342286 -32
480101 20
460672 -21
128368
350664 -41
54130 8
409656
429608 -58
317842 42
301085
280080 11
257233
170761
177698
456841 2
214576 0
130357 -50
488460
443942 -25
48199 68
257917
409352
480795
205839
234201
175668 14
157354 19
79282 -5
280486 -60
89791 -20
482217 0
312641
467254 -28
84779
486636 1
31716 -13
325185 6
433965 -19
363604 -3
439756 -49
148305 -41
164441
271290 -70
358332 -17
386814
497428 73
444969 -22
155782 9
398028 37
290070
228505
404794
328409
389282
90569
53499 19
179621
122318 -9
336529 -57
60300
104807 -8
151841
83368 -58
199193 26
243142
393932 -31
327975 15
191388
290204 71
345590
326429
415142 62
322355 72
476484
190805
177636 41
148962 -9
3695 -14
452037 -34
362042
494912
270995 59
127325 -41
439937
477437 85
263302
103130
41121
6975
318053
115540
83710 -76
398064
149245 13
459953 -46
53495 -12
213541 -65
23619 -19
354677
137211
451600 -30
315047
288376 11
430430
137488 3
137883 31
115042
346332 33
221999
265042
332642
385510
217871
378074
488814
200028 48
443659
361179
288968
110784 3
50965 -11
286218
51479
89859
107331 -53
155491
387344
187761 21
169162
315457
224597 -3
410455 -66
285659
429601
311875 -21
167635 2
25254
20236 -34
395096 27
37399 -5
168734 30
243868
287503
12370 5
283270 -5
30656 -27
222086 -49
39421
85555
119016
303738
375749 -78
54268 22
34117
143072 -61
387178
481633
460724 28
235986 11
467972
427752 47
390299
194292
61135 -13
415913
137318 -25
168718
398669
131606 36
385508 54
121971
352447 -17
414895
375832
366535
36303
73178 96
314962 80
135957 -11
217468
289064
490350
496985 -47
303459 31
289677 -14
309787
96122 48
288117 18
148153
189400
446628
442541
31324
189642 -18
407376 42
422323 30
348860 -3
257657 -19
220537 -57
339859 23
490786
177811
235900
117247 47
104985 19
366570
469549
244545
270447
104170 44
322997 38
29069 70
287315
234942 -63
127446
149553
379250 -7
185232
324085 -35
246172
358879 55
230649
471848 -9
58052
199753
85346
308681 -57
68243 -45
291121
80385 -43
118833 56
94017 -7
348938 36
201902 -49
353556 -70
177877
277250 -11
74886
305168 26
392087 -21
366283 13
82094
179772 -40
124161
63264 68
324627 -3
376053
491583
455691
163189 9
342593
240467
435897 78
579 -9
278043
229020
271098
361253
320452 54
427290
326619
94710
186903 49
159569
81412
223991 0
64746
249398
184619
261559
435273 37
79453
325293
233602
472029 10
149253
458164 28
81148
489213
442354
165101 60
106383
345099
48112
397315 -8
150708
70305
408334 74
439491
317459 15
418396 20
211810 -12
181669 27
16571 -41
144439
11958 -61
140721 -31
236807 -60
78916
338898
174634 54
92863 -72
370031
495031
468875
319457
138953
429295 44
221358 -4
303805
357805 28
323192
145174
336880
21429 -56
499162
251566
460265
333506 -9
17111 37
318524 -77
393289
95876
78354
497621
269411
260228 15
475325 -24
466490 -11
86360
443712
423130
469579
445608 1
172391
177842 25
134015
421923
446464 17
413238
417032
10281 17
495586
123725 33
109387
326794
340750 -18
199707 -54
72126 -10
488000
59502
395043
99035
281938 -43
210655
376626
438078
460204 -9
447628 -8
365455
321631 9
168631
70470
94481 25
145336 65
383872 -57
8221
32566
232646
120190
314104
352995 -41
171937
58262 52
67902
26406
402578 35
57542 1
152859
347535 -16
257350 -47
140913 17
87831 25
209715 -45
217966
224806
425400
305424 -15
155048
431723
200146 60
353894 -15
237566
79944 0
215632
254715
378593
181295
111852 -56
57486 20
201139
166007
366942
173672 7
428854
329604
361678
77242 59
79379
353598 2
357105 -85
435724 -19
421333 59
308752 -70
209648 51
301684 -61
24118 -16
206887
51063
309305 11
201436 7
15673 49
278715 -16
158135 -60
201703 -2
468795
243484
175445 26
264401
69401
487238 9
396004 3
335095
142036
