1 10 30
2 2 4
1 2 60
1 30 90
1 20 60
2 10 200
2 20 400
1 20 60000000
1 20 60000000
1 20 60000000
1 10 30000000
1 2 6000000
1 3 9000000
1 3 9000000
1 3 9000000
1 3 9000000
1 2 6000000
2 3 60
2 3 60
2 3 60
1 2 6000000
2 3 60
2 3 60
1 2 6000000
1 2 6000000
2 3 60
1 2 6000000
1 2 6000000
1 2 6000000
1 2 6000000
2 3 60
2 3 60
1 2 6000000
1 3 9000000
2 2 40
2 1 20
2 4 80
3 5 60
2 4 80
1 10 30000000
1 4 12000000
1 12 36000000
1 2 6000000
1 2 6000000
1 3 9000000
1 2 6000000
1 3 9000000
1 20 60000000
1 3 9000000
1 3 9000000
1 3 9000000
1 3 9000000
1 2 6000000
1 3 9000000
1 3 9000000
1 5 15000000
1 4 12000000
3 3 36
1 50 150000000
1 10 30000000
1 30 90000000
1 20 40000
2 2 40
1 20 40000
1 5 145
