000001 000013 000023
000002 000020 000045
000003 000012 000045
000004 000001 000020
000005 000034 000023
000006 000035 000012
000007 000037 000300
000008 000038 000002
000009 000039 000023
000010 000040 000012
000011 000041 000012
000012 000042 000012
000013 000043 000023
000014 000044 000012
000015 000045 000012
000016 000046 000012
000017 000047 000012
000018 000048 000012
000019 000049 001111
000020 000050 000032
000021 000051 000023
000022 000052 000002
000023 000053 000132
000024 000054 000033
000025 000055 000023
